GlobalFrame,Timestamp,Speed,X,Y,condition,source_file,Segment_index,turning_angle,worm_id,Segment
1802.0,2024-09-25T03:36:52.002905,-0.27291753222601806,0.5172567254423522,0.7794837561192702,terbinafine,coordinates_highestspeed_20240924_09_5_with_time_speed.csv,2.0,-0.8386057956229367,20240924_piworm09_5,2.0
1803.0,2024-09-25T03:36:54.002715,-0.27291753222601806,0.5168171497967158,0.7799551944966169,terbinafine,coordinates_highestspeed_20240924_09_5_with_time_speed.csv,2.0,-0.8386057956229367,20240924_piworm09_5,2.0
1804.0,2024-09-25T03:36:56.002953,4.227151198677826,0.8389914623006114,0.6755718150516479,terbinafine,coordinates_highestspeed_20240924_09_5_with_time_speed.csv,2.0,-0.8853601173040745,20240924_piworm09_5,2.0
1805.0,2024-09-25T03:36:58.003416,-0.6163084427503035,0.8388072986203827,0.6755631847754678,terbinafine,coordinates_highestspeed_20240924_09_5_with_time_speed.csv,2.0,0.9243337259181845,20240924_piworm09_5,2.0
1806.0,2024-09-25T03:37:00.002889,-0.5877654923901094,0.839025874161329,0.6755209477615725,terbinafine,coordinates_highestspeed_20240924_09_5_with_time_speed.csv,2.0,0.9608561057904328,20240924_piworm09_5,2.0
1807.0,2024-09-25T03:37:02.002942,4.227151198677826,0.5171137273941012,0.780009709916252,terbinafine,coordinates_highestspeed_20240924_09_5_with_time_speed.csv,2.0,0.4675266217231911,20240924_piworm09_5,2.0
1808.0,2024-09-25T03:37:04.003580,-0.518813258565806,0.5169864581346557,0.7797215334732024,terbinafine,coordinates_highestspeed_20240924_09_5_with_time_speed.csv,2.0,0.8413638749754868,20240924_piworm09_5,2.0
1809.0,2024-09-25T03:37:06.002870,-0.6266418757817304,0.517121525162041,0.7798256147861954,terbinafine,coordinates_highestspeed_20240924_09_5_with_time_speed.csv,2.0,0.796911308235285,20240924_piworm09_5,2.0
1810.0,2024-09-25T03:37:08.002945,-0.7007634340700784,0.5170503581202193,0.7798242961148936,terbinafine,coordinates_highestspeed_20240924_09_5_with_time_speed.csv,2.0,0.7015225734865551,20240924_piworm09_5,2.0
1811.0,2024-09-25T03:37:10.003364,-0.49331015643065335,0.5172621466302897,0.7795466418993441,terbinafine,coordinates_highestspeed_20240924_09_5_with_time_speed.csv,2.0,0.602097410758076,20240924_piworm09_5,2.0
1812.0,2024-09-25T03:37:12.002950,-0.6097112971791145,0.5173709874034945,0.7797062750333779,terbinafine,coordinates_highestspeed_20240924_09_5_with_time_speed.csv,2.0,-0.4104530296271983,20240924_piworm09_5,2.0
1813.0,2024-09-25T03:37:14.002939,4.227151198677826,0.8377134424847165,0.6745786361765562,terbinafine,coordinates_highestspeed_20240924_09_5_with_time_speed.csv,2.0,-0.9998094077452045,20240924_piworm09_5,2.0
1814.0,2024-09-25T03:37:16.003569,4.227151198677826,0.5178638184245661,0.7793324432576769,terbinafine,coordinates_highestspeed_20240924_09_5_with_time_speed.csv,2.0,-0.024947325147927333,20240924_piworm09_5,2.0
1815.0,2024-09-25T03:37:18.002876,-0.32815947783192356,0.5173371817529345,0.77955192665365,terbinafine,coordinates_highestspeed_20240924_09_5_with_time_speed.csv,2.0,0.9607283123602585,20240924_piworm09_5,2.0
1816.0,2024-09-25T03:37:20.003015,-0.5394635612472612,0.5175868018957049,0.779409583147901,terbinafine,coordinates_highestspeed_20240924_09_5_with_time_speed.csv,2.0,0.06414507497164618,20240924_piworm09_5,2.0
1817.0,2024-09-25T03:37:22.003377,4.227151198677826,0.8372035441194321,0.6746498361451633,terbinafine,coordinates_highestspeed_20240924_09_5_with_time_speed.csv,2.0,0.9999772122035527,20240924_piworm09_5,2.0
1818.0,2024-09-25T03:37:24.002893,4.227151198677826,0.5177117247948532,0.7793939677855074,terbinafine,coordinates_highestspeed_20240924_09_5_with_time_speed.csv,2.0,0.9999329334035595,20240924_piworm09_5,2.0
1819.0,2024-09-25T03:37:26.002948,4.227151198677826,0.8369171015899988,0.6746692559776671,terbinafine,coordinates_highestspeed_20240924_09_5_with_time_speed.csv,2.0,-0.8215762349503578,20240924_piworm09_5,2.0
1820.0,2024-09-25T03:37:28.003363,-0.5257544747029085,0.8366203958218802,0.6745955391502395,terbinafine,coordinates_highestspeed_20240924_09_5_with_time_speed.csv,2.0,0.9554524000890688,20240924_piworm09_5,2.0
1821.0,2024-09-25T03:37:30.002885,-0.25586988780383413,0.837284244700368,0.6746645407305665,terbinafine,coordinates_highestspeed_20240924_09_5_with_time_speed.csv,2.0,0.8660505732493331,20240924_piworm09_5,2.0
1822.0,2024-09-25T03:37:32.003004,4.227151198677826,0.5175419077288237,0.7796469366562824,terbinafine,coordinates_highestspeed_20240924_09_5_with_time_speed.csv,2.0,-0.05603668913553548,20240924_piworm09_5,2.0
1823.0,2024-09-25T03:37:34.003510,-0.4897932101562477,0.5172301807815827,0.7798145274780788,terbinafine,coordinates_highestspeed_20240924_09_5_with_time_speed.csv,2.0,-0.943956410631709,20240924_piworm09_5,2.0
1824.0,2024-09-25T03:37:36.002900,4.227151198677826,0.8375645514774417,0.6746454392019549,terbinafine,coordinates_highestspeed_20240924_09_5_with_time_speed.csv,2.0,-0.8868183197291986,20240924_piworm09_5,2.0
1825.0,2024-09-25T03:37:38.002955,1.202948698531748,0.8349439464259224,0.6745448958399559,terbinafine,coordinates_highestspeed_20240924_09_5_with_time_speed.csv,2.0,-0.10156873935129673,20240924_piworm09_5,2.0
1826.0,2024-09-25T03:37:40.003371,-0.47121321592472504,0.8345799547401683,0.6746498548901753,terbinafine,coordinates_highestspeed_20240924_09_5_with_time_speed.csv,2.0,-0.011423364978336696,20240924_piworm09_5,2.0
1827.0,2024-09-25T03:37:42.002882,4.227151198677826,0.516935875965642,0.7787261628221057,terbinafine,coordinates_highestspeed_20240924_09_5_with_time_speed.csv,2.0,-0.9999308662978723,20240924_piworm09_5,2.0
1828.0,2024-09-25T03:37:44.006349,4.227151198677826,0.8352268433382875,0.6745144469355367,terbinafine,coordinates_highestspeed_20240924_09_5_with_time_speed.csv,2.0,0.8856993946755114,20240924_piworm09_5,2.0
1829.0,2024-09-25T03:37:46.003520,-0.41175710703031954,0.8348690272475977,0.6748011433084488,terbinafine,coordinates_highestspeed_20240924_09_5_with_time_speed.csv,2.0,0.1139192083352495,20240924_piworm09_5,2.0
1830.0,2024-09-25T03:37:48.002953,4.227151198677826,0.516974463060574,0.7793049692460854,terbinafine,coordinates_highestspeed_20240924_09_5_with_time_speed.csv,2.0,-0.43567011632750496,20240924_piworm09_5,2.0
1831.0,2024-09-25T03:37:50.002952,-0.59236609603366,0.5169994100661347,0.7795199801285435,terbinafine,coordinates_highestspeed_20240924_09_5_with_time_speed.csv,2.0,-0.564446156720167,20240924_piworm09_5,2.0
1832.0,2024-09-25T03:37:52.003387,4.227151198677826,0.8349314237164704,0.6748751421648618,terbinafine,coordinates_highestspeed_20240924_09_5_with_time_speed.csv,2.0,0.22358743455858157,20240924_piworm09_5,2.0
1833.0,2024-09-25T03:37:54.002878,-0.660708033422719,0.8350471710625205,0.674921971016543,terbinafine,coordinates_highestspeed_20240924_09_5_with_time_speed.csv,2.0,0.7766228026735931,20240924_piworm09_5,2.0
1834.0,2024-09-25T03:37:56.003025,4.227151198677826,0.5168415029563227,0.7794239938966241,terbinafine,coordinates_highestspeed_20240924_09_5_with_time_speed.csv,2.0,-0.16650913278706858,20240924_piworm09_5,2.0
1835.0,2024-09-25T03:37:58.003555,-0.6266281948965694,0.5167277299965846,0.7795510292793493,terbinafine,coordinates_highestspeed_20240924_09_5_with_time_speed.csv,2.0,-0.8334136172009862,20240924_piworm09_5,2.0
1836.0,2024-09-25T03:38:00.002920,4.227151198677826,0.8351432483226042,0.6750656926857891,terbinafine,coordinates_highestspeed_20240924_09_5_with_time_speed.csv,2.0,-0.10294482118277472,20240924_piworm09_5,2.0
1837.0,2024-09-25T03:38:02.002952,-0.08906020521289157,0.8358576462605879,0.6745332574580315,terbinafine,coordinates_highestspeed_20240924_09_5_with_time_speed.csv,2.0,-0.75789827448779,20240924_piworm09_5,2.0
1838.0,2024-09-25T03:38:04.003377,-0.047270905996503826,0.8349174786239809,0.6744197937675767,terbinafine,coordinates_highestspeed_20240924_09_5_with_time_speed.csv,2.0,-0.13989441390541116,20240924_piworm09_5,2.0
1839.0,2024-09-25T03:38:06.002885,4.227151198677826,0.516552372860784,0.7797062750333779,terbinafine,coordinates_highestspeed_20240924_09_5_with_time_speed.csv,2.0,-0.9998508651659717,20240924_piworm09_5,2.0
1840.0,2024-09-25T03:38:08.002980,4.227151198677826,0.8356295789343775,0.6743501138773266,terbinafine,coordinates_highestspeed_20240924_09_5_with_time_speed.csv,2.0,0.2983221131123055,20240924_piworm09_5,2.0
1841.0,2024-09-25T03:38:10.003572,-0.6590198058265169,0.835733168793451,0.6744238001265964,terbinafine,coordinates_highestspeed_20240924_09_5_with_time_speed.csv,2.0,-0.17537777658655063,20240924_piworm09_5,2.0
1842.0,2024-09-25T03:38:12.002924,-0.5365333397515212,0.8360237892948172,0.6744433948822408,terbinafine,coordinates_highestspeed_20240924_09_5_with_time_speed.csv,2.0,-0.0512676745614263,20240924_piworm09_5,2.0
1843.0,2024-09-25T03:38:14.002952,-0.6572034018742963,0.8361527788685568,0.6744312678342365,terbinafine,coordinates_highestspeed_20240924_09_5_with_time_speed.csv,2.0,0.9284546253405727,20240924_piworm09_5,2.0
1844.0,2024-09-25T03:38:16.003361,4.227151198677826,0.5166186494273066,0.7797921595265421,terbinafine,coordinates_highestspeed_20240924_09_5_with_time_speed.csv,2.0,-0.9998497007588586,20240924_piworm09_5,2.0
1845.0,2024-09-25T03:38:18.002896,4.227151198677826,0.83657909794513,0.6744581748095204,terbinafine,coordinates_highestspeed_20240924_09_5_with_time_speed.csv,2.0,0.1421196450867141,20240924_piworm09_5,2.0
1846.0,2024-09-25T03:38:20.003039,-0.6131634412559822,0.8367661251206353,0.6744823309981348,terbinafine,coordinates_highestspeed_20240924_09_5_with_time_speed.csv,2.0,0.9370760419095201,20240924_piworm09_5,2.0
1847.0,2024-09-25T03:38:22.003398,-0.4765810536584695,0.8363953870861632,0.674508039705114,terbinafine,coordinates_highestspeed_20240924_09_5_with_time_speed.csv,2.0,-0.9747474328161251,20240924_piworm09_5,2.0
1848.0,2024-09-25T03:38:24.002972,0.1148327512297565,0.8375595684757292,0.674519797686453,terbinafine,coordinates_highestspeed_20240924_09_5_with_time_speed.csv,2.0,0.36198682384110425,20240924_piworm09_5,2.0
1849.0,2024-09-25T03:38:26.002951,-0.41300255449945733,0.8377472994295424,0.6749362786745964,terbinafine,coordinates_highestspeed_20240924_09_5_with_time_speed.csv,2.0,-0.30137565635689406,20240924_piworm09_5,2.0
1850.0,2024-09-25T03:38:28.003549,-0.5640872913740811,0.8379965557941991,0.6749869391072154,terbinafine,coordinates_highestspeed_20240924_09_5_with_time_speed.csv,2.0,0.9511024277645888,20240924_piworm09_5,2.0
1851.0,2024-09-25T03:38:30.002877,-0.5398859998523919,0.8377100840336135,0.6749734940705254,terbinafine,coordinates_highestspeed_20240924_09_5_with_time_speed.csv,2.0,0.030942204644624164,20240924_piworm09_5,2.0
1852.0,2024-09-25T03:38:32.003056,-0.5485430802745254,0.8374377515519477,0.6749339752273104,terbinafine,coordinates_highestspeed_20240924_09_5_with_time_speed.csv,2.0,-0.14627381911432258,20240924_piworm09_5,2.0
1853.0,2024-09-25T03:38:34.003575,4.227151198677826,0.5170789517108954,0.7794737552691979,terbinafine,coordinates_highestspeed_20240924_09_5_with_time_speed.csv,2.0,-0.9999754242370187,20240924_piworm09_5,2.0
1854.0,2024-09-25T03:38:36.002935,4.227151198677826,0.8374996965651171,0.6749411336327223,terbinafine,coordinates_highestspeed_20240924_09_5_with_time_speed.csv,2.0,-1.0,20240924_piworm09_5,2.0
1855.0,2024-09-25T03:38:38.002945,4.227151198677826,0.5170789517108954,0.7794737552691979,terbinafine,coordinates_highestspeed_20240924_09_5_with_time_speed.csv,2.0,-0.9999954432266794,20240924_piworm09_5,2.0
1856.0,2024-09-25T03:38:40.003373,4.227151198677826,0.8374934695536076,0.6749482401656315,terbinafine,coordinates_highestspeed_20240924_09_5_with_time_speed.csv,2.0,-0.9998265089202658,20240924_piworm09_5,2.0
1857.0,2024-09-25T03:38:42.002877,4.227151198677826,0.5170557079769362,0.7792881350958788,terbinafine,coordinates_highestspeed_20240924_09_5_with_time_speed.csv,2.0,-0.514550850286882,20240924_piworm09_5,2.0
1858.0,2024-09-25T03:38:44.003007,-0.5988743805466954,0.5171289838965921,0.779482512996845,terbinafine,coordinates_highestspeed_20240924_09_5_with_time_speed.csv,2.0,0.4331080703332028,20240924_piworm09_5,2.0
1859.0,2024-09-25T03:38:46.002793,-0.638379797376945,0.5169987238970561,0.779566124999078,terbinafine,coordinates_highestspeed_20240924_09_5_with_time_speed.csv,2.0,-0.9487951492795172,20240924_piworm09_5,2.0
1860.0,2024-09-25T03:38:48.002930,-0.285885990051023,0.5175739937894721,0.7793162418805599,terbinafine,coordinates_highestspeed_20240924_09_5_with_time_speed.csv,2.0,0.02955205347209237,20240924_piworm09_5,2.0
1861.0,2024-09-25T03:38:50.002955,4.227151198677826,0.836093871326343,0.6748412108753093,terbinafine,coordinates_highestspeed_20240924_09_5_with_time_speed.csv,2.0,-0.8774445866635848,20240924_piworm09_5,2.0
1862.0,2024-09-25T03:38:52.003341,-0.4980147100757204,0.8357517625840302,0.6748178858360855,terbinafine,coordinates_highestspeed_20240924_09_5_with_time_speed.csv,2.0,-0.08138673373376289,20240924_piworm09_5,2.0
1863.0,2024-09-25T03:38:54.002881,0.20781039080393562,0.834485528727569,0.6750582697834401,terbinafine,coordinates_highestspeed_20240924_09_5_with_time_speed.csv,2.0,-0.04186535612033829,20240924_piworm09_5,2.0
1864.0,2024-09-25T03:38:56.003019,4.227151198677826,0.5176234979973298,0.7797581961133363,terbinafine,coordinates_highestspeed_20240924_09_5_with_time_speed.csv,2.0,0.9996163792841808,20240924_piworm09_5,2.0
1865.0,2024-09-25T03:38:58.003369,4.227151198677826,0.8334563043121823,0.6749759913803199,terbinafine,coordinates_highestspeed_20240924_09_5_with_time_speed.csv,2.0,-0.900446781281074,20240924_piworm09_5,2.0
1866.0,2024-09-25T03:39:00.002989,0.6839279809000832,0.8315294178645961,0.6749906023565402,terbinafine,coordinates_highestspeed_20240924_09_5_with_time_speed.csv,2.0,-0.0015247834703608976,20240924_piworm09_5,2.0
1867.0,2024-09-25T03:39:02.002951,0.10919959212072493,0.8303728151918295,0.6750049134887125,terbinafine,coordinates_highestspeed_20240924_09_5_with_time_speed.csv,2.0,0.9613916329452691,20240924_piworm09_5,2.0
1868.0,2024-09-25T03:39:04.003344,-0.4098860410321166,0.8308297160032473,0.6749434757230747,terbinafine,coordinates_highestspeed_20240924_09_5_with_time_speed.csv,2.0,0.007814604282848218,20240924_piworm09_5,2.0
1869.0,2024-09-25T03:39:06.039594,-0.522664680747284,0.831137740303985,0.6749097318592278,terbinafine,coordinates_highestspeed_20240924_09_5_with_time_speed.csv,2.0,0.9323132316691164,20240924_piworm09_5,2.0
1870.0,2024-09-25T03:39:08.003059,4.227151198677826,0.5173639759379548,0.7795037578194147,terbinafine,coordinates_highestspeed_20240924_09_5_with_time_speed.csv,2.0,0.9999131997871907,20240924_piworm09_5,2.0
1871.0,2024-09-25T03:39:10.003370,4.227151198677826,0.830814677218578,0.6749224408712422,terbinafine,coordinates_highestspeed_20240924_09_5_with_time_speed.csv,2.0,0.9999680391087111,20240924_piworm09_5,2.0
1872.0,2024-09-25T03:39:12.002979,4.227151198677826,0.5178913014623787,0.7793627370607203,terbinafine,coordinates_highestspeed_20240924_09_5_with_time_speed.csv,2.0,-0.9986010192305927,20240924_piworm09_5,2.0
1873.0,2024-09-25T03:39:14.002957,4.227151198677826,0.8356993977581619,0.6748422356907532,terbinafine,coordinates_highestspeed_20240924_09_5_with_time_speed.csv,2.0,0.12574468832886573,20240924_piworm09_5,2.0
1874.0,2024-09-25T03:39:16.003570,0.7371010296315634,0.8376916348234428,0.6749965471202983,terbinafine,coordinates_highestspeed_20240924_09_5_with_time_speed.csv,2.0,0.8752315652207585,20240924_piworm09_5,2.0
1875.0,2024-09-25T03:39:18.002877,4.227151198677826,0.5174490079181483,0.7792303929992465,terbinafine,coordinates_highestspeed_20240924_09_5_with_time_speed.csv,2.0,0.9723853894881255,20240924_piworm09_5,2.0
1876.0,2024-09-25T03:39:20.003000,-0.6076354486723521,0.5176294172196755,0.7791538142811105,terbinafine,coordinates_highestspeed_20240924_09_5_with_time_speed.csv,2.0,0.027923972668975665,20240924_piworm09_5,2.0
1877.0,2024-09-25T03:39:22.003400,4.227151198677826,0.8379105234697637,0.6752515899335314,terbinafine,coordinates_highestspeed_20240924_09_5_with_time_speed.csv,2.0,0.13834504393914995,20240924_piworm09_5,2.0
1878.0,2024-09-25T03:39:24.002941,-0.6879099040424483,0.8379982834255199,0.6752622544344841,terbinafine,coordinates_highestspeed_20240924_09_5_with_time_speed.csv,2.0,-0.1203237600246471,20240924_piworm09_5,2.0
1879.0,2024-09-25T03:39:26.002945,-0.6664547336558432,0.8381115928422821,0.6752324654309397,terbinafine,coordinates_highestspeed_20240924_09_5_with_time_speed.csv,2.0,0.9818669101980811,20240924_piworm09_5,2.0
1880.0,2024-09-25T03:39:28.003343,4.227151198677826,0.5177229770412838,0.7792939605748842,terbinafine,coordinates_highestspeed_20240924_09_5_with_time_speed.csv,2.0,0.05492484672885927,20240924_piworm09_5,2.0
1881.0,2024-09-25T03:39:30.002880,-0.47013624346115235,0.517346511766933,0.7793475878285475,terbinafine,coordinates_highestspeed_20240924_09_5_with_time_speed.csv,2.0,-0.07257678519519624,20240924_piworm09_5,2.0
1882.0,2024-09-25T03:39:32.003009,-0.6088478101395064,0.5171652655802377,0.7794177831748864,terbinafine,coordinates_highestspeed_20240924_09_5_with_time_speed.csv,2.0,-0.9822478926012593,20240924_piworm09_5,2.0
1883.0,2024-09-25T03:39:34.003623,4.227151198677826,0.8380284824210057,0.6753137516688918,terbinafine,coordinates_highestspeed_20240924_09_5_with_time_speed.csv,2.0,0.9999634863910597,20240924_piworm09_5,2.0
1884.0,2024-09-25T03:39:36.002988,4.227151198677826,0.5165758930778958,0.7796497622932871,terbinafine,coordinates_highestspeed_20240924_09_5_with_time_speed.csv,2.0,0.9992986092469093,20240924_piworm09_5,2.0
1885.0,2024-09-25T03:39:38.002951,4.227151198677826,0.8357606579765388,0.6752718637572743,terbinafine,coordinates_highestspeed_20240924_09_5_with_time_speed.csv,2.0,-0.9902889539602717,20240924_piworm09_5,2.0
1886.0,2024-09-25T03:39:40.003377,0.7262408161339522,0.8338573294859094,0.6758306176455107,terbinafine,coordinates_highestspeed_20240924_09_5_with_time_speed.csv,2.0,-0.00955974239719094,20240924_piworm09_5,2.0
1887.0,2024-09-25T03:39:42.002930,4.227151198677826,0.5167691712811983,0.7793560813324871,terbinafine,coordinates_highestspeed_20240924_09_5_with_time_speed.csv,2.0,0.9996550081732919,20240924_piworm09_5,2.0
1888.0,2024-09-25T03:39:44.003072,4.227151198677826,0.8357430160044618,0.6748322658058846,terbinafine,coordinates_highestspeed_20240924_09_5_with_time_speed.csv,2.0,0.7217296996898057,20240924_piworm09_5,2.0
1889.0,2024-09-25T03:39:46.003362,-0.35824836503040947,0.8355463850790954,0.6753246753246753,terbinafine,coordinates_highestspeed_20240924_09_5_with_time_speed.csv,2.0,-0.6008172894945651,20240924_piworm09_5,2.0
1890.0,2024-09-25T03:39:48.002941,0.004815709705887701,0.8365611513025119,0.6753888906138417,terbinafine,coordinates_highestspeed_20240924_09_5_with_time_speed.csv,2.0,0.8799961266936617,20240924_piworm09_5,2.0
1891.0,2024-09-25T03:39:50.002946,4.227151198677826,0.517041036400182,0.7790827330213178,terbinafine,coordinates_highestspeed_20240924_09_5_with_time_speed.csv,2.0,-0.9996813385830984,20240924_piworm09_5,2.0
1892.0,2024-09-25T03:39:52.003556,4.227151198677826,0.8371862191376646,0.6755401760170022,terbinafine,coordinates_highestspeed_20240924_09_5_with_time_speed.csv,2.0,0.6762136855658533,20240924_piworm09_5,2.0
1893.0,2024-09-25T03:39:54.002871,-0.6575133520454024,0.8371554229168302,0.6756655933401398,terbinafine,coordinates_highestspeed_20240924_09_5_with_time_speed.csv,2.0,0.9536192807719917,20240924_piworm09_5,2.0
1894.0,2024-09-25T03:39:56.003051,-0.6200070512596748,0.8371724548393843,0.6754869947078032,terbinafine,coordinates_highestspeed_20240924_09_5_with_time_speed.csv,2.0,-0.177197100402361,20240924_piworm09_5,2.0
1895.0,2024-09-25T03:39:58.003409,-0.5061789741304801,0.8370246042342171,0.6751897768453177,terbinafine,coordinates_highestspeed_20240924_09_5_with_time_speed.csv,2.0,0.5930021517883923,20240924_piworm09_5,2.0
1896.0,2024-09-25T03:40:00.002947,-0.6276312811181038,0.837191372534271,0.6751612478609977,terbinafine,coordinates_highestspeed_20240924_09_5_with_time_speed.csv,2.0,0.9532199115420539,20240924_piworm09_5,2.0
1897.0,2024-09-25T03:40:02.002958,4.227151198677826,0.5179127725856698,0.7796903808252272,terbinafine,coordinates_highestspeed_20240924_09_5_with_time_speed.csv,2.0,0.9997097059092491,20240924_piworm09_5,2.0
1898.0,2024-09-25T03:40:04.003375,4.227151198677826,0.8364268889684892,0.6750898216592313,terbinafine,coordinates_highestspeed_20240924_09_5_with_time_speed.csv,2.0,-0.871689939433326,20240924_piworm09_5,2.0
1899.0,2024-09-25T03:40:06.002881,-0.12861503664656435,0.8355919987712229,0.6750180181244609,terbinafine,coordinates_highestspeed_20240924_09_5_with_time_speed.csv,2.0,-0.02699130275840231,20240924_piworm09_5,2.0
1900.0,2024-09-25T03:40:08.003014,-0.4937431672596255,0.8352433712521672,0.6750176706196497,terbinafine,coordinates_highestspeed_20240924_09_5_with_time_speed.csv,2.0,-0.021649674202687482,20240924_piworm09_5,2.0
1901.0,2024-09-25T03:40:10.003366,-0.0003543406287036923,0.834235771151659,0.6750852989170747,terbinafine,coordinates_highestspeed_20240924_09_5_with_time_speed.csv,2.0,0.02536665041881371,20240924_piworm09_5,2.0
1902.0,2024-09-25T03:40:12.003003,-0.3540870369785135,0.8337000194312292,0.6750785084337803,terbinafine,coordinates_highestspeed_20240924_09_5_with_time_speed.csv,2.0,-0.1060527782656293,20240924_piworm09_5,2.0
1903.0,2024-09-25T03:40:14.002994,4.227151198677826,0.5176102249392953,0.7800029669188547,terbinafine,coordinates_highestspeed_20240924_09_5_with_time_speed.csv,2.0,-0.06408298348559766,20240924_piworm09_5,2.0
1904.0,2024-09-25T03:40:16.003501,-0.2957918461477084,0.5170780087736029,0.7803089834064466,terbinafine,coordinates_highestspeed_20240924_09_5_with_time_speed.csv,2.0,-0.9364497447783137,20240924_piworm09_5,2.0
1905.0,2024-09-25T03:40:18.002884,4.227151198677826,0.832307329833443,0.6750841242320077,terbinafine,coordinates_highestspeed_20240924_09_5_with_time_speed.csv,2.0,-0.9067898671677543,20240924_piworm09_5,2.0
1906.0,2024-09-25T03:40:20.003082,-0.545576973481198,0.8320282899722151,0.6750923152792312,terbinafine,coordinates_highestspeed_20240924_09_5_with_time_speed.csv,2.0,-0.9288420492833799,20240924_piworm09_5,2.0
1907.0,2024-09-25T03:40:22.003376,-0.42065378267846343,0.832466477041853,0.6751784988680559,terbinafine,coordinates_highestspeed_20240924_09_5_with_time_speed.csv,2.0,0.835897148783471,20240924_piworm09_5,2.0
1908.0,2024-09-25T03:40:24.002959,4.227151198677826,0.5176804940700661,0.779963928512871,terbinafine,coordinates_highestspeed_20240924_09_5_with_time_speed.csv,2.0,-0.9999326896763256,20240924_piworm09_5,2.0
1909.0,2024-09-25T03:40:26.002950,4.227151198677826,0.8312279620690834,0.6756644186550729,terbinafine,coordinates_highestspeed_20240924_09_5_with_time_speed.csv,2.0,0.13713751900186824,20240924_piworm09_5,2.0
1910.0,2024-09-25T03:40:28.003497,0.12608155712166394,0.8324001894999785,0.675793531159826,terbinafine,coordinates_highestspeed_20240924_09_5_with_time_speed.csv,2.0,-0.0226076498902733,20240924_piworm09_5,2.0
1911.0,2024-09-25T03:40:30.002893,-0.002939374702179762,0.8334058394963573,0.6758324457578895,terbinafine,coordinates_highestspeed_20240924_09_5_with_time_speed.csv,2.0,0.8866802014688387,20240924_piworm09_5,2.0
1912.0,2024-09-25T03:40:32.002999,4.227151198677826,0.5151987161332956,0.780340116788715,terbinafine,coordinates_highestspeed_20240924_09_5_with_time_speed.csv,2.0,-0.9829478638177324,20240924_piworm09_5,2.0
1913.0,2024-09-25T03:40:34.003401,-0.057686353000024705,0.5160994801579412,0.7800968667443116,terbinafine,coordinates_highestspeed_20240924_09_5_with_time_speed.csv,2.0,0.9861325595488578,20240924_piworm09_5,2.0
1914.0,2024-09-25T03:40:36.002951,-0.5386947565908284,0.515824608249596,0.7801841051226197,terbinafine,coordinates_highestspeed_20240924_09_5_with_time_speed.csv,2.0,0.16815685456726698,20240924_piworm09_5,2.0
1915.0,2024-09-25T03:40:38.002960,-0.500184678446776,0.5154928793947485,0.7801095905651981,terbinafine,coordinates_highestspeed_20240924_09_5_with_time_speed.csv,2.0,0.8284133773281732,20240924_piworm09_5,2.0
1916.0,2024-09-25T03:40:40.003338,4.227151198677826,0.8324060120217515,0.6757565165571262,terbinafine,coordinates_highestspeed_20240924_09_5_with_time_speed.csv,2.0,-0.929264245415979,20240924_piworm09_5,2.0
1917.0,2024-09-25T03:40:42.002900,-0.25183355751547504,0.8317362672029653,0.6758209257913504,terbinafine,coordinates_highestspeed_20240924_09_5_with_time_speed.csv,2.0,-0.9754462166442078,20240924_piworm09_5,2.0
1918.0,2024-09-25T03:40:44.003010,4.227151198677826,0.8642634623943035,0.6752113929684024,terbinafine,coordinates_highestspeed_20240924_09_5_with_time_speed.csv,2.0,0.9998528492048142,20240924_piworm09_5,2.0
1919.0,2024-09-25T03:40:46.003378,4.227151198677826,0.8258557197141976,0.6759488842265878,terbinafine,coordinates_highestspeed_20240924_09_5_with_time_speed.csv,2.0,-0.02326415308200478,20240924_piworm09_5,2.0
1920.0,2024-09-25T03:40:48.003006,0.21131530004910196,0.8245676775383051,0.6760680907877169,terbinafine,coordinates_highestspeed_20240924_09_5_with_time_speed.csv,2.0,0.9252874929078342,20240924_piworm09_5,2.0
1921.0,2024-09-25T03:40:50.002902,4.227151198677826,0.8417890520694259,0.6702269692923899,terbinafine,coordinates_highestspeed_20240924_09_5_with_time_speed.csv,2.0,-0.9741540605450864,20240924_piworm09_5,2.0
1922.0,2024-09-25T03:40:52.003527,4.227151198677826,0.8146272952681498,0.6770412498049347,terbinafine,coordinates_highestspeed_20240924_09_5_with_time_speed.csv,2.0,0.13301900573365533,20240924_piworm09_5,2.0
1923.0,2024-09-25T03:40:54.002891,-0.3885255881764098,0.8141448872469229,0.6769574043930721,terbinafine,coordinates_highestspeed_20240924_09_5_with_time_speed.csv,2.0,-0.16044116442545217,20240924_piworm09_5,2.0
1924.0,2024-09-25T03:40:56.003084,4.227151198677826,0.5158497043677284,0.7797825672325004,terbinafine,coordinates_highestspeed_20240924_09_5_with_time_speed.csv,2.0,0.9993154765671821,20240924_piworm09_5,2.0
1925.0,2024-09-25T03:40:58.003370,4.227151198677826,0.8131953716065866,0.6765687583444593,terbinafine,coordinates_highestspeed_20240924_09_5_with_time_speed.csv,2.0,0.9998431606153387,20240924_piworm09_5,2.0
1926.0,2024-09-25T03:41:00.002951,4.227151198677826,0.515391520143619,0.7801060547773679,terbinafine,coordinates_highestspeed_20240924_09_5_with_time_speed.csv,2.0,0.062440431783824954,20240924_piworm09_5,2.0
1927.0,2024-09-25T03:41:02.002948,-0.6973654252983176,0.5153165114006758,0.780116505433688,terbinafine,coordinates_highestspeed_20240924_09_5_with_time_speed.csv,2.0,-0.022533622445956372,20240924_piworm09_5,2.0
1928.0,2024-09-25T03:41:04.003666,-0.6641631009893938,0.515198902403942,0.780141477771467,terbinafine,coordinates_highestspeed_20240924_09_5_with_time_speed.csv,2.0,-0.04350644775041873,20240924_piworm09_5,2.0
1929.0,2024-09-25T03:41:06.002891,-0.6282700377792972,0.5150405382222851,0.7801985515137502,terbinafine,coordinates_highestspeed_20240924_09_5_with_time_speed.csv,2.0,0.25541665264465147,20240924_piworm09_5,2.0
1930.0,2024-09-25T03:41:08.003012,-0.13843603499374627,0.514300191419885,0.7798349606704522,terbinafine,coordinates_highestspeed_20240924_09_5_with_time_speed.csv,2.0,-0.9686042634968823,20240924_piworm09_5,2.0
1931.0,2024-09-25T03:41:10.003413,-0.2569741185526502,0.5148661288904167,0.7801859565248676,terbinafine,coordinates_highestspeed_20240924_09_5_with_time_speed.csv,2.0,-0.386335221986883,20240924_piworm09_5,2.0
1932.0,2024-09-25T03:41:12.002938,-0.12028761632965072,0.5155376829785023,0.7796663015757538,terbinafine,coordinates_highestspeed_20240924_09_5_with_time_speed.csv,2.0,0.23209997438418128,20240924_piworm09_5,2.0
1933.0,2024-09-25T03:41:14.021710,0.8745623412595414,0.517714676479208,0.7798202481357257,terbinafine,coordinates_highestspeed_20240924_09_5_with_time_speed.csv,2.0,0.03425832323839767,20240924_piworm09_5,2.0
1934.0,2024-09-25T03:41:16.003506,-0.4888421313924182,0.5180642463043094,0.779883217784355,terbinafine,coordinates_highestspeed_20240924_09_5_with_time_speed.csv,2.0,0.10524502798284265,20240924_piworm09_5,2.0
1935.0,2024-09-25T03:41:18.002887,-0.7398390371050695,0.5180806732208602,0.7798923817615406,terbinafine,coordinates_highestspeed_20240924_09_5_with_time_speed.csv,2.0,-0.2646381829894385,20240924_piworm09_5,2.0
1936.0,2024-09-25T03:41:20.003012,0.17065042451091436,0.5192558331743913,0.7794996503274206,terbinafine,coordinates_highestspeed_20240924_09_5_with_time_speed.csv,2.0,0.8639577012089041,20240924_piworm09_5,2.0
1937.0,2024-09-25T03:41:22.003534,-0.25415187694209695,0.518765761756416,0.7799561208316742,terbinafine,coordinates_highestspeed_20240924_09_5_with_time_speed.csv,2.0,0.22906748665578897,20240924_piworm09_5,2.0
1938.0,2024-09-25T03:41:24.002985,0.48293204870974865,0.5171089542611121,0.7800063005355455,terbinafine,coordinates_highestspeed_20240924_09_5_with_time_speed.csv,2.0,0.020960676181543732,20240924_piworm09_5,2.0
1939.0,2024-09-25T03:41:26.002994,-0.41905386629899277,0.5166605118881914,0.7799903417322387,terbinafine,coordinates_highestspeed_20240924_09_5_with_time_speed.csv,2.0,-0.36464247873587347,20240924_piworm09_5,2.0
1940.0,2024-09-25T03:41:28.003587,-0.38077268201554954,0.5164381612030933,0.7804382154208996,terbinafine,coordinates_highestspeed_20240924_09_5_with_time_speed.csv,2.0,0.2921983398992692,20240924_piworm09_5,2.0
1941.0,2024-09-25T03:41:30.002893,-0.028508533443172824,0.5154838930539866,0.7806237376330835,terbinafine,coordinates_highestspeed_20240924_09_5_with_time_speed.csv,2.0,0.01133194343855263,20240924_piworm09_5,2.0
1942.0,2024-09-25T03:41:32.003139,-0.2542598283091206,0.51482248440097,0.7807280455573419,terbinafine,coordinates_highestspeed_20240924_09_5_with_time_speed.csv,2.0,0.2472207631037404,20240924_piworm09_5,2.0
1943.0,2024-09-25T03:41:34.003371,-0.7101515210896082,0.5147748017765184,0.7806939865398763,terbinafine,coordinates_highestspeed_20240924_09_5_with_time_speed.csv,2.0,0.8393436219121233,20240924_piworm09_5,2.0
1944.0,2024-09-25T03:41:36.002947,-0.7325104630998244,0.5148032428117214,0.7806972871044554,terbinafine,coordinates_highestspeed_20240924_09_5_with_time_speed.csv,2.0,-0.8312851067585986,20240924_piworm09_5,2.0
1945.0,2024-09-25T03:41:38.002989,-0.0633694504358074,0.5140640595227294,0.7801405109725589,terbinafine,coordinates_highestspeed_20240924_09_5_with_time_speed.csv,2.0,0.753363026179058,20240924_piworm09_5,2.0
1946.0,2024-09-25T03:41:40.003580,-0.5550631780980555,0.5143282831214566,0.780106164096412,terbinafine,coordinates_highestspeed_20240924_09_5_with_time_speed.csv,2.0,0.0819987442233796,20240924_piworm09_5,2.0
1947.0,2024-09-25T03:41:42.002883,-0.7057517272820696,0.5143922466570281,0.7801144185338655,terbinafine,coordinates_highestspeed_20240924_09_5_with_time_speed.csv,2.0,-0.1912696732764845,20240924_piworm09_5,2.0
1948.0,2024-09-25T03:41:44.003022,0.37796039852335156,0.5157428952889567,0.7794239938966241,terbinafine,coordinates_highestspeed_20240924_09_5_with_time_speed.csv,2.0,0.2787464564484692,20240924_piworm09_5,2.0
1949.0,2024-09-25T03:41:46.003419,-0.6978092416086447,0.5158120097012979,0.779453472480072,terbinafine,coordinates_highestspeed_20240924_09_5_with_time_speed.csv,2.0,0.43650333529651403,20240924_piworm09_5,2.0
1950.0,2024-09-25T03:41:48.002946,-0.4877276757828973,0.5157398619846544,0.7798027892611836,terbinafine,coordinates_highestspeed_20240924_09_5_with_time_speed.csv,2.0,0.48927318080242954,20240924_piworm09_5,2.0
1951.0,2024-09-25T03:41:50.002957,-0.21976203452697113,0.5150343607427491,0.7796817023925562,terbinafine,coordinates_highestspeed_20240924_09_5_with_time_speed.csv,2.0,-0.8960855954221199,20240924_piworm09_5,2.0
1952.0,2024-09-25T03:41:52.003550,-0.4755795152179149,0.5153623089809768,0.7798593453691972,terbinafine,coordinates_highestspeed_20240924_09_5_with_time_speed.csv,2.0,-0.7292934337695997,20240924_piworm09_5,2.0
1953.0,2024-09-25T03:41:54.002898,-0.6688648003601623,0.5153370111931213,0.779748259734153,terbinafine,coordinates_highestspeed_20240924_09_5_with_time_speed.csv,2.0,0.5383706317034761,20240924_piworm09_5,2.0
1954.0,2024-09-25T03:41:56.003011,-0.3910405632857166,0.5158206852490437,0.779698084153104,terbinafine,coordinates_highestspeed_20240924_09_5_with_time_speed.csv,2.0,-0.22087125810442826,20240924_piworm09_5,2.0
1955.0,2024-09-25T03:41:58.003751,-0.2694435479961185,0.5162742870411066,0.779233595104031,terbinafine,coordinates_highestspeed_20240924_09_5_with_time_speed.csv,2.0,0.6418548450597449,20240924_piworm09_5,2.0
1956.0,2024-09-25T03:42:00.003057,-0.5650615728132001,0.5163614378920321,0.7794711607090375,terbinafine,coordinates_highestspeed_20240924_09_5_with_time_speed.csv,2.0,0.6574336082133156,20240924_piworm09_5,2.0
1957.0,2024-09-25T03:42:02.002942,0.11229848026982359,0.5152124401162334,0.779305740987984,terbinafine,coordinates_highestspeed_20240924_09_5_with_time_speed.csv,2.0,0.7869329989820121,20240924_piworm09_5,2.0
1958.0,2024-09-25T03:42:04.003353,-0.664987820559292,0.5153154397434127,0.779245891073155,terbinafine,coordinates_highestspeed_20240924_09_5_with_time_speed.csv,2.0,-0.021022408221457824,20240924_piworm09_5,2.0
1959.0,2024-09-25T03:42:06.002883,-0.036128795989616255,0.5161134386077989,0.778708776452895,terbinafine,coordinates_highestspeed_20240924_09_5_with_time_speed.csv,2.0,-0.08466692283502958,20240924_piworm09_5,2.0
1960.0,2024-09-25T03:42:08.003080,0.11127326251041897,0.5168713111106247,0.7778312795931916,terbinafine,coordinates_highestspeed_20240924_09_5_with_time_speed.csv,2.0,0.4152422127881953,20240924_piworm09_5,2.0
1961.0,2024-09-25T03:42:10.003621,-0.6150856010966532,0.5170391122589681,0.7779115323163124,terbinafine,coordinates_highestspeed_20240924_09_5_with_time_speed.csv,2.0,-0.125626580527549,20240924_piworm09_5,2.0
1962.0,2024-09-25T03:42:12.002928,-0.6497611692806737,0.5171784601691144,0.7779187064233793,terbinafine,coordinates_highestspeed_20240924_09_5_with_time_speed.csv,2.0,-0.3051745708369182,20240924_piworm09_5,2.0
1963.0,2024-09-25T03:42:14.002953,-0.17222410212857986,0.5176585540497199,0.7773045625079249,terbinafine,coordinates_highestspeed_20240924_09_5_with_time_speed.csv,2.0,0.966196561307366,20240924_piworm09_5,2.0
1964.0,2024-09-25T03:42:16.003571,-0.4254892191364387,0.5174257844703685,0.777678069849052,terbinafine,coordinates_highestspeed_20240924_09_5_with_time_speed.csv,2.0,0.15438067086647395,20240924_piworm09_5,2.0
1965.0,2024-09-25T03:42:18.002918,-0.6629779861192848,0.5173205851529639,0.7777394949538452,terbinafine,coordinates_highestspeed_20240924_09_5_with_time_speed.csv,2.0,-0.03551509698673426,20240924_piworm09_5,2.0
1966.0,2024-09-25T03:42:20.003009,-0.48364768481957443,0.5170301142263759,0.7779557929090639,terbinafine,coordinates_highestspeed_20240924_09_5_with_time_speed.csv,2.0,0.951046296874615,20240924_piworm09_5,2.0
1967.0,2024-09-25T03:42:22.003557,-0.675469649044491,0.5171037843301426,0.777880865636291,terbinafine,coordinates_highestspeed_20240924_09_5_with_time_speed.csv,2.0,0.8891771979070511,20240924_piworm09_5,2.0
1968.0,2024-09-25T03:42:24.002938,-0.47752610629811004,0.5169498028022037,0.7782177002286574,terbinafine,coordinates_highestspeed_20240924_09_5_with_time_speed.csv,2.0,0.1508351617939038,20240924_piworm09_5,2.0
1969.0,2024-09-25T03:42:26.002959,1.0767626274125628,0.5150239535066363,0.7797376894683107,terbinafine,coordinates_highestspeed_20240924_09_5_with_time_speed.csv,2.0,0.10441289327346125,20240924_piworm09_5,2.0
1970.0,2024-09-25T03:42:28.003338,-0.5510155900993438,0.514767657689928,0.7798283890716077,terbinafine,coordinates_highestspeed_20240924_09_5_with_time_speed.csv,2.0,-0.9265295102614273,20240924_piworm09_5,2.0
1971.0,2024-09-25T03:42:30.002883,-0.25278063229585074,0.5154352144322512,0.7797551206486697,terbinafine,coordinates_highestspeed_20240924_09_5_with_time_speed.csv,2.0,0.8200715563145056,20240924_piworm09_5,2.0
1972.0,2024-09-25T03:42:32.003065,0.2374012502222602,0.5143976915457168,0.7805848658426289,terbinafine,coordinates_highestspeed_20240924_09_5_with_time_speed.csv,2.0,0.7635911204363107,20240924_piworm09_5,2.0
1973.0,2024-09-25T03:42:34.003382,-0.2451161468147539,0.5145019535249452,0.7799110470402254,terbinafine,coordinates_highestspeed_20240924_09_5_with_time_speed.csv,2.0,0.44411844844795506,20240924_piworm09_5,2.0
1974.0,2024-09-25T03:42:36.003020,-0.39590180411128184,0.5149815916171057,0.7799004733584173,terbinafine,coordinates_highestspeed_20240924_09_5_with_time_speed.csv,2.0,-0.08915873577043065,20240924_piworm09_5,2.0
1975.0,2024-09-25T03:42:38.002990,-0.3285315469110321,0.5155258135591833,0.7797308476741995,terbinafine,coordinates_highestspeed_20240924_09_5_with_time_speed.csv,2.0,0.042215165031586205,20240924_piworm09_5,2.0
1976.0,2024-09-25T03:42:40.003344,-0.6451953567726336,0.5156693773516204,0.7797062750333779,terbinafine,coordinates_highestspeed_20240924_09_5_with_time_speed.csv,2.0,-0.04553390975654235,20240924_piworm09_5,2.0
1977.0,2024-09-25T03:42:42.002888,-0.1896645898718503,0.5163888930559097,0.7794737552691979,terbinafine,coordinates_highestspeed_20240924_09_5_with_time_speed.csv,2.0,-0.04333838489307808,20240924_piworm09_5,2.0
1978.0,2024-09-25T03:42:44.003074,-0.15420069711942086,0.517113013429671,0.7791251079871202,terbinafine,coordinates_highestspeed_20240924_09_5_with_time_speed.csv,2.0,0.868763499251677,20240924_piworm09_5,2.0
1979.0,2024-09-25T03:42:46.003365,-0.5665709853356627,0.5169494285063011,0.7793155101110424,terbinafine,coordinates_highestspeed_20240924_09_5_with_time_speed.csv,2.0,0.16596608151909437,20240924_piworm09_5,2.0
1980.0,2024-09-25T03:42:48.002934,-0.32628497810481866,0.5164091043547084,0.7795064077452571,terbinafine,coordinates_highestspeed_20240924_09_5_with_time_speed.csv,2.0,-0.021374902447900666,20240924_piworm09_5,2.0
1981.0,2024-09-25T03:42:50.002953,0.07320313997674728,0.5153910987461867,0.7799449545390128,terbinafine,coordinates_highestspeed_20240924_09_5_with_time_speed.csv,2.0,0.6388597825310052,20240924_piworm09_5,2.0
1982.0,2024-09-25T03:42:52.003635,-0.1702923641024008,0.5154141491857316,0.7791631780226743,terbinafine,coordinates_highestspeed_20240924_09_5_with_time_speed.csv,2.0,0.22403875504454238,20240924_piworm09_5,2.0
1983.0,2024-09-25T03:42:54.002877,-0.10743343490094542,0.5159940349315657,0.77851950749147,terbinafine,coordinates_highestspeed_20240924_09_5_with_time_speed.csv,2.0,0.4846855483887813,20240924_piworm09_5,2.0
1984.0,2024-09-25T03:42:56.002995,-0.37876232126659576,0.5163832901700259,0.7788376469831262,terbinafine,coordinates_highestspeed_20240924_09_5_with_time_speed.csv,2.0,-0.19810179026307767,20240924_piworm09_5,2.0
1985.0,2024-09-25T03:42:58.003550,-0.5971015153276487,0.5165929822597796,0.7788508430402213,terbinafine,coordinates_highestspeed_20240924_09_5_with_time_speed.csv,2.0,0.9280512720591988,20240924_piworm09_5,2.0
1986.0,2024-09-25T03:43:00.002928,-0.6710959204962421,0.5164835164835165,0.7788688665755523,terbinafine,coordinates_highestspeed_20240924_09_5_with_time_speed.csv,2.0,-0.10059611348785992,20240924_piworm09_5,2.0
1987.0,2024-09-25T03:43:02.002955,0.15645108140683042,0.5154009267258306,0.7794313987277154,terbinafine,coordinates_highestspeed_20240924_09_5_with_time_speed.csv,2.0,-0.016012255102921032,20240924_piworm09_5,2.0
1988.0,2024-09-25T03:43:04.003342,0.3549114555192733,0.5141184414468333,0.7801820051256081,terbinafine,coordinates_highestspeed_20240924_09_5_with_time_speed.csv,2.0,0.07459150475572504,20240924_piworm09_5,2.0
1989.0,2024-09-25T03:43:06.002888,-0.48949982657359,0.5137794516002068,0.7802850814573574,terbinafine,coordinates_highestspeed_20240924_09_5_with_time_speed.csv,2.0,-0.9642325152567656,20240924_piworm09_5,2.0
1990.0,2024-09-25T03:43:08.003009,-0.441232844411799,0.5141914709809158,0.7802089059923034,terbinafine,coordinates_highestspeed_20240924_09_5_with_time_speed.csv,2.0,0.12728750502699954,20240924_piworm09_5,2.0
1991.0,2024-09-25T03:43:10.003545,-0.6619589269247678,0.5143117652805367,0.7802354358657071,terbinafine,coordinates_highestspeed_20240924_09_5_with_time_speed.csv,2.0,-0.580457842242948,20240924_piworm09_5,2.0
1992.0,2024-09-25T03:43:12.003049,-0.03481217700177374,0.5142773698264352,0.7792723631508678,terbinafine,coordinates_highestspeed_20240924_09_5_with_time_speed.csv,2.0,0.8662637309112842,20240924_piworm09_5,2.0
1993.0,2024-09-25T03:43:14.002966,0.22059536244031455,0.5148522903634626,0.78044499264671,terbinafine,coordinates_highestspeed_20240924_09_5_with_time_speed.csv,2.0,0.4983067325914881,20240924_piworm09_5,2.0
1994.0,2024-09-25T03:43:16.003510,-0.5076926554234813,0.5145568240647395,0.7805918094874799,terbinafine,coordinates_highestspeed_20240924_09_5_with_time_speed.csv,2.0,0.00970307746484982,20240924_piworm09_5,2.0
1995.0,2024-09-25T03:43:18.002929,-0.37512953108646135,0.5140955829413039,0.7808037243375111,terbinafine,coordinates_highestspeed_20240924_09_5_with_time_speed.csv,2.0,0.2837234254324568,20240924_piworm09_5,2.0
1996.0,2024-09-25T03:43:20.003083,-0.5221658683126507,0.51381741819914,0.7806656781906863,terbinafine,coordinates_highestspeed_20240924_09_5_with_time_speed.csv,2.0,0.8533664140937408,20240924_piworm09_5,2.0
1997.0,2024-09-25T03:43:22.027981,-0.7538743804726019,0.51381741819914,0.7806656781906863,terbinafine,coordinates_highestspeed_20240924_09_5_with_time_speed.csv,2.0,-0.28734561844473683,20240924_piworm09_5,2.0
1998.0,2024-09-25T03:43:24.002971,0.19853833458763634,0.5146081299889214,0.7796636650285488,terbinafine,coordinates_highestspeed_20240924_09_5_with_time_speed.csv,2.0,0.07672155659481601,20240924_piworm09_5,2.0
1999.0,2024-09-25T03:43:26.002959,-0.47419506116125826,0.5149038497001527,0.7794333512823728,terbinafine,coordinates_highestspeed_20240924_09_5_with_time_speed.csv,2.0,0.4879378126778444,20240924_piworm09_5,2.0
2000.0,2024-09-25T03:43:28.003600,-0.45845047982589743,0.5151587884970222,0.7797362775835947,terbinafine,coordinates_highestspeed_20240924_09_5_with_time_speed.csv,2.0,-0.6704838090000433,20240924_piworm09_5,2.0
2001.0,2024-09-25T03:43:30.002876,-0.44724112802435617,0.5152941351970225,0.7793482557749253,terbinafine,coordinates_highestspeed_20240924_09_5_with_time_speed.csv,2.0,0.9361333900729216,20240924_piworm09_5,2.0
2002.0,2024-09-25T03:43:32.003056,-0.5251989903354661,0.5152528953333126,0.7796519390194677,terbinafine,coordinates_highestspeed_20240924_09_5_with_time_speed.csv,2.0,-0.6165098844407393,20240924_piworm09_5,2.0
2003.0,2024-09-25T03:43:34.003413,-0.32082994345943505,0.5158178384187047,0.7795190335080922,terbinafine,coordinates_highestspeed_20240924_09_5_with_time_speed.csv,2.0,-0.1257396960356001,20240924_piworm09_5,2.0
2004.0,2024-09-25T03:43:36.002945,0.5586627756120516,0.5172432639230474,0.778488276766683,terbinafine,coordinates_highestspeed_20240924_09_5_with_time_speed.csv,2.0,0.044577480465599034,20240924_piworm09_5,2.0
2005.0,2024-09-25T03:43:38.002994,0.29374257932293857,0.5184846852333326,0.777832431546155,terbinafine,coordinates_highestspeed_20240924_09_5_with_time_speed.csv,2.0,0.4465542896989126,20240924_piworm09_5,2.0
2006.0,2024-09-25T03:43:40.003325,-0.6945576224541592,0.518533044058745,0.7778955273698264,terbinafine,coordinates_highestspeed_20240924_09_5_with_time_speed.csv,2.0,-0.5739636336029126,20240924_piworm09_5,2.0
2007.0,2024-09-25T03:43:42.002892,-0.4053041888306936,0.5188284171856471,0.7775336058844505,terbinafine,coordinates_highestspeed_20240924_09_5_with_time_speed.csv,2.0,0.00045270219628407605,20240924_piworm09_5,2.0
2008.0,2024-09-25T03:43:44.003018,-0.6690088165449464,0.5189004562320313,0.7774455920777806,terbinafine,coordinates_highestspeed_20240924_09_5_with_time_speed.csv,2.0,-0.18924414355887637,20240924_piworm09_5,2.0
2009.0,2024-09-25T03:43:46.003614,-0.39821036384387465,0.5189439577973883,0.7769709205770295,terbinafine,coordinates_highestspeed_20240924_09_5_with_time_speed.csv,2.0,-0.8708418381190253,20240924_piworm09_5,2.0
2010.0,2024-09-25T03:43:48.002941,0.028507981957032403,0.518443879050474,0.7778925359598962,terbinafine,coordinates_highestspeed_20240924_09_5_with_time_speed.csv,2.0,0.15549625619980995,20240924_piworm09_5,2.0
2011.0,2024-09-25T03:43:50.002962,-0.6898266986436077,0.5183723225169792,0.7779399447710819,terbinafine,coordinates_highestspeed_20240924_09_5_with_time_speed.csv,2.0,0.02880076182392476,20240924_piworm09_5,2.0
2012.0,2024-09-25T03:43:52.003643,1.2267844723411652,0.5160360333925087,0.7792001056353526,terbinafine,coordinates_highestspeed_20240924_09_5_with_time_speed.csv,2.0,-0.07147912309157349,20240924_piworm09_5,2.0
2013.0,2024-09-25T03:43:54.002899,-0.2704942824699433,0.5155486594738931,0.7796268899072637,terbinafine,coordinates_highestspeed_20240924_09_5_with_time_speed.csv,2.0,-0.002604723185884652,20240924_piworm09_5,2.0
2014.0,2024-09-25T03:43:56.003086,-0.16268773165613815,0.5149568794428607,0.7801537184714755,terbinafine,coordinates_highestspeed_20240924_09_5_with_time_speed.csv,2.0,-0.008258946815931542,20240924_piworm09_5,2.0
2015.0,2024-09-25T03:43:58.003528,-0.6312282007369742,0.5148369869503424,0.7802661613333907,terbinafine,coordinates_highestspeed_20240924_09_5_with_time_speed.csv,2.0,0.8378869561986,20240924_piworm09_5,2.0
2016.0,2024-09-25T03:44:00.002991,-0.5349461060526635,0.5149259786529369,0.7799865751019777,terbinafine,coordinates_highestspeed_20240924_09_5_with_time_speed.csv,2.0,-0.7773493585736128,20240924_piworm09_5,2.0
2017.0,2024-09-25T03:44:02.002956,0.41662462662547856,0.5135995280529078,0.780824044462384,terbinafine,coordinates_highestspeed_20240924_09_5_with_time_speed.csv,2.0,-0.5492266563528249,20240924_piworm09_5,2.0
2018.0,2024-09-25T03:44:04.003555,-0.2583012574999204,0.5140363752110982,0.7813243264750351,terbinafine,coordinates_highestspeed_20240924_09_5_with_time_speed.csv,2.0,0.7833080209249345,20240924_piworm09_5,2.0
2019.0,2024-09-25T03:44:06.002881,0.030855836252299138,0.5130002396357537,0.7811440895553046,terbinafine,coordinates_highestspeed_20240924_09_5_with_time_speed.csv,2.0,0.8692472895096041,20240924_piworm09_5,2.0
2020.0,2024-09-25T03:44:08.006791,-0.5613138970734717,0.5132510013351135,0.7810831108144193,terbinafine,coordinates_highestspeed_20240924_09_5_with_time_speed.csv,2.0,0.5342829615627899,20240924_piworm09_5,2.0
2021.0,2024-09-25T03:44:10.003407,-0.679177965160816,0.513264062227898,0.7811823632337941,terbinafine,coordinates_highestspeed_20240924_09_5_with_time_speed.csv,2.0,-0.45835204670427965,20240924_piworm09_5,2.0
2022.0,2024-09-25T03:44:12.002990,-0.7538743804726019,0.513264062227898,0.7811823632337941,terbinafine,coordinates_highestspeed_20240924_09_5_with_time_speed.csv,2.0,0.0,20240924_piworm09_5,2.0
2023.0,2024-09-25T03:44:14.002952,-0.7538743804726019,0.513264062227898,0.7811823632337941,terbinafine,coordinates_highestspeed_20240924_09_5_with_time_speed.csv,2.0,0.0,20240924_piworm09_5,2.0
2024.0,2024-09-25T03:44:16.003596,-0.7538743804726019,0.513264062227898,0.7811823632337941,terbinafine,coordinates_highestspeed_20240924_09_5_with_time_speed.csv,2.0,0.0,20240924_piworm09_5,2.0
2025.0,2024-09-25T03:44:18.002875,-0.7538743804726019,0.513264062227898,0.7811823632337941,terbinafine,coordinates_highestspeed_20240924_09_5_with_time_speed.csv,2.0,-0.9361183637922881,20240924_piworm09_5,2.0
2026.0,2024-09-25T03:44:20.002968,-0.7197691325996647,0.5132192717862499,0.7811732515782359,terbinafine,coordinates_highestspeed_20240924_09_5_with_time_speed.csv,2.0,0.9361183637922881,20240924_piworm09_5,2.0
2027.0,2024-09-25T03:44:22.003373,-0.7538743804726019,0.5132192717862499,0.7811732515782359,terbinafine,coordinates_highestspeed_20240924_09_5_with_time_speed.csv,2.0,0.7336026161493598,20240924_piworm09_5,2.0
2028.0,2024-09-25T03:44:24.002965,-0.7113884084256713,0.5131811359245039,0.7812155337551518,terbinafine,coordinates_highestspeed_20240924_09_5_with_time_speed.csv,2.0,-0.9248810691439058,20240924_piworm09_5,2.0
2029.0,2024-09-25T03:44:26.002997,0.4480523267489019,0.5145097678130227,0.7803047741816675,terbinafine,coordinates_highestspeed_20240924_09_5_with_time_speed.csv,2.0,0.11562322363357441,20240924_piworm09_5,2.0
2030.0,2024-09-25T03:44:28.003580,-0.008829040008132973,0.5154802063500842,0.7800696787037549,terbinafine,coordinates_highestspeed_20240924_09_5_with_time_speed.csv,2.0,-0.9143341975524486,20240924_piworm09_5,2.0
2031.0,2024-09-25T03:44:30.002874,-0.6881531889753043,0.5153921704034498,0.7800669091355523,terbinafine,coordinates_highestspeed_20240924_09_5_with_time_speed.csv,2.0,-0.8434459099262882,20240924_piworm09_5,2.0
2032.0,2024-09-25T03:44:32.003184,-0.5820194822886741,0.5155916701195463,0.7801820051256081,terbinafine,coordinates_highestspeed_20240924_09_5_with_time_speed.csv,2.0,-0.03343972441282971,20240924_piworm09_5,2.0
2033.0,2024-09-25T03:44:34.003353,-0.6974865498563266,0.5156607277135798,0.780212697389623,terbinafine,coordinates_highestspeed_20240924_09_5_with_time_speed.csv,2.0,-0.1331249387474618,20240924_piworm09_5,2.0
2034.0,2024-09-25T03:44:36.002946,-0.7538743804726019,0.5156607277135798,0.780212697389623,terbinafine,coordinates_highestspeed_20240924_09_5_with_time_speed.csv,2.0,0.4682744825696334,20240924_piworm09_5,2.0
2035.0,2024-09-25T03:44:38.002996,-0.6963356591667871,0.5156684007795834,0.7802894280496601,terbinafine,coordinates_highestspeed_20240924_09_5_with_time_speed.csv,2.0,0.6971908442875924,20240924_piworm09_5,2.0
2036.0,2024-09-25T03:44:40.003609,-0.6342667997472904,0.5155292771314133,0.7802098035475873,terbinafine,coordinates_highestspeed_20240924_09_5_with_time_speed.csv,2.0,-0.26767645561095743,20240924_piworm09_5,2.0
2037.0,2024-09-25T03:44:42.002884,0.21715473736807434,0.5142944215475705,0.7806205375282985,terbinafine,coordinates_highestspeed_20240924_09_5_with_time_speed.csv,2.0,0.0016847383615658958,20240924_piworm09_5,2.0
2038.0,2024-09-25T03:44:44.003063,-0.605047302004482,0.5141048279426332,0.7806824870436568,terbinafine,coordinates_highestspeed_20240924_09_5_with_time_speed.csv,2.0,-0.8994736096078346,20240924_piworm09_5,2.0
2039.0,2024-09-25T03:44:46.003637,-0.7538743804726019,0.5141048279426332,0.7806824870436568,terbinafine,coordinates_highestspeed_20240924_09_5_with_time_speed.csv,2.0,0.0,20240924_piworm09_5,2.0
2040.0,2024-09-25T03:44:48.002947,-0.7538743804726019,0.5141048279426332,0.7806824870436568,terbinafine,coordinates_highestspeed_20240924_09_5_with_time_speed.csv,2.0,-0.7963779300592483,20240924_piworm09_5,2.0
2041.0,2024-09-25T03:44:50.002952,0.15867693175339082,0.5131236434426535,0.779952413273564,terbinafine,coordinates_highestspeed_20240924_09_5_with_time_speed.csv,2.0,-0.39022235195725863,20240924_piworm09_5,2.0
2042.0,2024-09-25T03:44:52.003658,-0.29017687071539117,0.5126059552271246,0.7802962088986867,terbinafine,coordinates_highestspeed_20240924_09_5_with_time_speed.csv,2.0,-0.3685116604476489,20240924_piworm09_5,2.0
2043.0,2024-09-25T03:44:54.002876,-0.6254341925702277,0.5126356099549899,0.7804657707282364,terbinafine,coordinates_highestspeed_20240924_09_5_with_time_speed.csv,2.0,-0.44488805753584404,20240924_piworm09_5,2.0
2044.0,2024-09-25T03:44:56.002997,-0.7538743804726019,0.5126356099549899,0.7804657707282364,terbinafine,coordinates_highestspeed_20240924_09_5_with_time_speed.csv,2.0,-0.042953491357145074,20240924_piworm09_5,2.0
2045.0,2024-09-25T03:44:58.003679,-0.6503225633818307,0.5127731283988407,0.7804471001986387,terbinafine,coordinates_highestspeed_20240924_09_5_with_time_speed.csv,2.0,-0.2343539691269604,20240924_piworm09_5,2.0
2046.0,2024-09-25T03:45:00.002940,-0.6232344041744731,0.512885868026055,0.7803131447991262,terbinafine,coordinates_highestspeed_20240924_09_5_with_time_speed.csv,2.0,0.2773074604841055,20240924_piworm09_5,2.0
2047.0,2024-09-25T03:45:02.002951,-0.7538743804726019,0.512885868026055,0.7803131447991262,terbinafine,coordinates_highestspeed_20240924_09_5_with_time_speed.csv,2.0,0.0,20240924_piworm09_5,2.0
2048.0,2024-09-25T03:45:04.003355,-0.7538743804726019,0.512885868026055,0.7803131447991262,terbinafine,coordinates_highestspeed_20240924_09_5_with_time_speed.csv,2.0,0.0,20240924_piworm09_5,2.0
2049.0,2024-09-25T03:45:06.002889,-0.7538743804726019,0.512885868026055,0.7803131447991262,terbinafine,coordinates_highestspeed_20240924_09_5_with_time_speed.csv,2.0,0.014790755410368396,20240924_piworm09_5,2.0
2050.0,2024-09-25T03:45:08.003077,-0.37846253913373856,0.5133884516829893,0.7803365149391736,terbinafine,coordinates_highestspeed_20240924_09_5_with_time_speed.csv,2.0,0.7615517704407351,20240924_piworm09_5,2.0
2051.0,2024-09-25T03:45:10.003396,-0.7012717679965569,0.5133346519639355,0.7803820732169641,terbinafine,coordinates_highestspeed_20240924_09_5_with_time_speed.csv,2.0,-0.7960053145224958,20240924_piworm09_5,2.0
2052.0,2024-09-25T03:45:12.003009,-0.04911405455340509,0.5142773698264352,0.7803237650200266,terbinafine,coordinates_highestspeed_20240924_09_5_with_time_speed.csv,2.0,-0.06064606930227997,20240924_piworm09_5,2.0
2053.0,2024-09-25T03:45:14.002944,-0.011980085161379737,0.5152401783938869,0.7800755617418971,terbinafine,coordinates_highestspeed_20240924_09_5_with_time_speed.csv,2.0,0.9020818954106182,20240924_piworm09_5,2.0
2054.0,2024-09-25T03:45:16.003629,-0.5062719931584906,0.5149590134516272,0.7802518052744161,terbinafine,coordinates_highestspeed_20240924_09_5_with_time_speed.csv,2.0,0.19529012392328682,20240924_piworm09_5,2.0
2055.0,2024-09-25T03:45:18.002885,-0.49343312681114215,0.5146104716198174,0.7802331035975897,terbinafine,coordinates_highestspeed_20240924_09_5_with_time_speed.csv,2.0,-0.3270235660959939,20240924_piworm09_5,2.0
2056.0,2024-09-25T03:45:20.003036,-0.3092116428544748,0.5142754441819862,0.7807259496178055,terbinafine,coordinates_highestspeed_20240924_09_5_with_time_speed.csv,2.0,-0.9306388174620273,20240924_piworm09_5,2.0
2057.0,2024-09-25T03:45:22.003690,-0.09213496330992091,0.5149207952946271,0.7801176343232418,terbinafine,coordinates_highestspeed_20240924_09_5_with_time_speed.csv,2.0,0.1550885724110238,20240924_piworm09_5,2.0
2058.0,2024-09-25T03:45:24.002944,-0.6377686188598328,0.5150708190630986,0.7800763336622744,terbinafine,coordinates_highestspeed_20240924_09_5_with_time_speed.csv,2.0,-0.014422042765567465,20240924_piworm09_5,2.0
2059.0,2024-09-25T03:45:26.003001,-0.4526083856733271,0.5154548406884856,0.7799516472413669,terbinafine,coordinates_highestspeed_20240924_09_5_with_time_speed.csv,2.0,0.15349309010333226,20240924_piworm09_5,2.0
2060.0,2024-09-25T03:45:28.003340,-0.4416981416204306,0.5158673102598336,0.7800217139335964,terbinafine,coordinates_highestspeed_20240924_09_5_with_time_speed.csv,2.0,-0.23195545559501424,20240924_piworm09_5,2.0
2061.0,2024-09-25T03:45:30.023008,0.13306120432684884,0.5168741366137509,0.7793898608549357,terbinafine,coordinates_highestspeed_20240924_09_5_with_time_speed.csv,2.0,-0.9665163529898027,20240924_piworm09_5,2.0
2062.0,2024-09-25T03:45:32.003002,-0.1525493484024737,0.5161503216409759,0.7797442043937372,terbinafine,coordinates_highestspeed_20240924_09_5_with_time_speed.csv,2.0,0.002702890917468154,20240924_piworm09_5,2.0
2063.0,2024-09-25T03:45:34.003383,0.401327507682092,0.5147540749519859,0.780413099819367,terbinafine,coordinates_highestspeed_20240924_09_5_with_time_speed.csv,2.0,-0.03731572551552205,20240924_piworm09_5,2.0
2064.0,2024-09-25T03:45:36.002958,-0.6453819495403734,0.5146311921049371,0.7804908262563143,terbinafine,coordinates_highestspeed_20240924_09_5_with_time_speed.csv,2.0,0.08683162933479105,20240924_piworm09_5,2.0
2065.0,2024-09-25T03:45:38.002954,0.2129965641772928,0.5133899462849691,0.7808628559008911,terbinafine,coordinates_highestspeed_20240924_09_5_with_time_speed.csv,2.0,-0.07472275923798678,20240924_piworm09_5,2.0
2066.0,2024-09-25T03:45:40.003360,0.7583832959793398,0.5116371378053621,0.781880344964457,terbinafine,coordinates_highestspeed_20240924_09_5_with_time_speed.csv,2.0,-0.032895730635189066,20240924_piworm09_5,2.0
2067.0,2024-09-25T03:45:42.002890,-0.539144247924573,0.5114044833671002,0.7820497259749597,terbinafine,coordinates_highestspeed_20240924_09_5_with_time_speed.csv,2.0,-0.01807262045694192,20240924_piworm09_5,2.0
2068.0,2024-09-25T03:45:44.003072,-0.6722628901101166,0.5113198550448217,0.7821190158306313,terbinafine,coordinates_highestspeed_20240924_09_5_with_time_speed.csv,2.0,-0.7816162733728031,20240924_piworm09_5,2.0
2069.0,2024-09-25T03:45:46.003638,-0.7538743804726019,0.5113198550448217,0.7821190158306313,terbinafine,coordinates_highestspeed_20240924_09_5_with_time_speed.csv,2.0,0.0,20240924_piworm09_5,2.0
2070.0,2024-09-25T03:45:48.002937,-0.7538743804726019,0.5113198550448217,0.7821190158306313,terbinafine,coordinates_highestspeed_20240924_09_5_with_time_speed.csv,2.0,0.0,20240924_piworm09_5,2.0
2071.0,2024-09-25T03:45:50.002944,-0.7538743804726019,0.5113198550448217,0.7821190158306313,terbinafine,coordinates_highestspeed_20240924_09_5_with_time_speed.csv,2.0,-0.25000000000005285,20240924_piworm09_5,2.0
2072.0,2024-09-25T03:45:52.003398,-0.512357788636227,0.5115487316421895,0.7818901392332633,terbinafine,coordinates_highestspeed_20240924_09_5_with_time_speed.csv,2.0,0.0482955781235624,20240924_piworm09_5,2.0
2073.0,2024-09-25T03:45:54.002892,0.08522038912203797,0.5124549627814254,0.7812242807761948,terbinafine,coordinates_highestspeed_20240924_09_5_with_time_speed.csv,2.0,0.06519759155095015,20240924_piworm09_5,2.0
2074.0,2024-09-25T03:45:56.003006,0.408952340449279,0.5138722597872432,0.780576252207244,terbinafine,coordinates_highestspeed_20240924_09_5_with_time_speed.csv,2.0,0.7329234676328432,20240924_piworm09_5,2.0
2075.0,2024-09-25T03:45:58.003401,-0.6096363579760367,0.5138145978076927,0.7807607595690219,terbinafine,coordinates_highestspeed_20240924_09_5_with_time_speed.csv,2.0,0.3003108922488314,20240924_piworm09_5,2.0
2076.0,2024-09-25T03:46:00.002954,-0.25038955077637903,0.513175030920573,0.7809758614758328,terbinafine,coordinates_highestspeed_20240924_09_5_with_time_speed.csv,2.0,0.07486949302444758,20240924_piworm09_5,2.0
2077.0,2024-09-25T03:46:02.002956,1.1145679888055178,0.5106809078771696,0.7811990060821836,terbinafine,coordinates_highestspeed_20240924_09_5_with_time_speed.csv,2.0,0.9072840358285745,20240924_piworm09_5,2.0
2078.0,2024-09-25T03:46:04.003515,-0.41857883481913133,0.5110981308411215,0.7810321168966029,terbinafine,coordinates_highestspeed_20240924_09_5_with_time_speed.csv,2.0,-0.00555896889614446,20240924_piworm09_5,2.0
2079.0,2024-09-25T03:46:06.002890,-0.5956614304547797,0.5112935969420415,0.7809499423889387,terbinafine,coordinates_highestspeed_20240924_09_5_with_time_speed.csv,2.0,0.4215814259755304,20240924_piworm09_5,2.0
2080.0,2024-09-25T03:46:08.003028,-0.6166118248236088,0.5114040943480196,0.7810970182465509,terbinafine,coordinates_highestspeed_20240924_09_5_with_time_speed.csv,2.0,-0.39187923309172495,20240924_piworm09_5,2.0
2081.0,2024-09-25T03:46:10.003378,-0.4270691700659659,0.5118219091175943,0.7809656373983278,terbinafine,coordinates_highestspeed_20240924_09_5_with_time_speed.csv,2.0,-0.9190373299591951,20240924_piworm09_5,2.0
2082.0,2024-09-25T03:46:12.002948,-0.6495294267657976,0.5116822429906542,0.7809726694416085,terbinafine,coordinates_highestspeed_20240924_09_5_with_time_speed.csv,2.0,-0.16557662323245775,20240924_piworm09_5,2.0
2083.0,2024-09-25T03:46:14.002956,-0.4838822452167511,0.5113777006812003,0.7811680781187568,terbinafine,coordinates_highestspeed_20240924_09_5_with_time_speed.csv,2.0,-0.9293880907627649,20240924_piworm09_5,2.0
2084.0,2024-09-25T03:46:16.003626,-0.09121757820453114,0.512212361580146,0.7808646823215267,terbinafine,coordinates_highestspeed_20240924_09_5_with_time_speed.csv,2.0,-0.9921134256252834,20240924_piworm09_5,2.0
2085.0,2024-09-25T03:46:18.002877,-0.4786877846627698,0.5118627305543194,0.7809820501409286,terbinafine,coordinates_highestspeed_20240924_09_5_with_time_speed.csv,2.0,0.10184860447877063,20240924_piworm09_5,2.0
2086.0,2024-09-25T03:46:20.003091,-0.6704768352836135,0.5117509620670698,0.780982486452525,terbinafine,coordinates_highestspeed_20240924_09_5_with_time_speed.csv,2.0,-0.37486544473375044,20240924_piworm09_5,2.0
2087.0,2024-09-25T03:46:22.003390,-0.5697700307143408,0.5116573341569854,0.7812107685869717,terbinafine,coordinates_highestspeed_20240924_09_5_with_time_speed.csv,2.0,-0.6345474745649731,20240924_piworm09_5,2.0
2088.0,2024-09-25T03:46:24.002941,-0.3553061263753024,0.5121911958261133,0.7811928907574165,terbinafine,coordinates_highestspeed_20240924_09_5_with_time_speed.csv,2.0,-0.3141755360583581,20240924_piworm09_5,2.0
2089.0,2024-09-25T03:46:26.002956,0.39353982399298665,0.5129953710736072,0.7798821582469241,terbinafine,coordinates_highestspeed_20240924_09_5_with_time_speed.csv,2.0,0.4001453527349738,20240924_piworm09_5,2.0
2090.0,2024-09-25T03:46:28.003293,-0.38083449323232965,0.5134813898205738,0.7799993487251294,terbinafine,coordinates_highestspeed_20240924_09_5_with_time_speed.csv,2.0,0.6553539052535928,20240924_piworm09_5,2.0
2091.0,2024-09-25T03:46:30.002888,-0.6492612265016875,0.5133884516829893,0.7801043212896698,terbinafine,coordinates_highestspeed_20240924_09_5_with_time_speed.csv,2.0,-0.034129298769325044,20240924_piworm09_5,2.0
2092.0,2024-09-25T03:46:32.003005,-0.5072382267908423,0.5131970832905411,0.780373831775701,terbinafine,coordinates_highestspeed_20240924_09_5_with_time_speed.csv,2.0,-0.992392168082526,20240924_piworm09_5,2.0
2093.0,2024-09-25T03:46:34.003403,-0.18037531441695712,0.5136569189026229,0.7797579568456867,terbinafine,coordinates_highestspeed_20240924_09_5_with_time_speed.csv,2.0,0.813855005460996,20240924_piworm09_5,2.0
2094.0,2024-09-25T03:46:36.002947,-0.5414799517740431,0.5136408292818098,0.7800421526395782,terbinafine,coordinates_highestspeed_20240924_09_5_with_time_speed.csv,2.0,0.17189599833571217,20240924_piworm09_5,2.0
2095.0,2024-09-25T03:46:38.002945,-0.6833621198465568,0.5135877372361461,0.780120329215325,terbinafine,coordinates_highestspeed_20240924_09_5_with_time_speed.csv,2.0,-0.6898977568722293,20240924_piworm09_5,2.0
2096.0,2024-09-25T03:46:40.003352,-0.7538743804726019,0.5135877372361461,0.780120329215325,terbinafine,coordinates_highestspeed_20240924_09_5_with_time_speed.csv,2.0,0.9146037703096164,20240924_piworm09_5,2.0
2097.0,2024-09-25T03:46:42.002893,-0.23301726560398808,0.51291465543802,0.7803053644175139,terbinafine,coordinates_highestspeed_20240924_09_5_with_time_speed.csv,2.0,-0.22401417345214622,20240924_piworm09_5,2.0
2098.0,2024-09-25T03:46:44.003000,-0.6468028763757813,0.5128337783711616,0.7804238985313752,terbinafine,coordinates_highestspeed_20240924_09_5_with_time_speed.csv,2.0,-0.1420990612265451,20240924_piworm09_5,2.0
2099.0,2024-09-25T03:46:46.003716,-0.6385744956247927,0.5128103293843268,0.7805766338240016,terbinafine,coordinates_highestspeed_20240924_09_5_with_time_speed.csv,2.0,0.31343902891449493,20240924_piworm09_5,2.0
2100.0,2024-09-25T03:46:48.002955,-0.06551805213128406,0.5119732292629489,0.7809643627400638,terbinafine,coordinates_highestspeed_20240924_09_5_with_time_speed.csv,2.0,0.11446517156304441,20240924_piworm09_5,2.0
2101.0,2024-09-25T03:46:50.002959,-0.3906017286943632,0.511487709584149,0.7810004341166545,terbinafine,coordinates_highestspeed_20240924_09_5_with_time_speed.csv,2.0,-0.6754824588915699,20240924_piworm09_5,2.0
2102.0,2024-09-25T03:46:52.003386,-0.46194105222189774,0.5117167717876709,0.7813176188941577,terbinafine,coordinates_highestspeed_20240924_09_5_with_time_speed.csv,2.0,-0.41351838650314243,20240924_piworm09_5,2.0
2103.0,2024-09-25T03:46:54.002896,0.7057852835514337,0.5135518686920556,0.7806399208268368,terbinafine,coordinates_highestspeed_20240924_09_5_with_time_speed.csv,2.0,-0.11695092530130756,20240924_piworm09_5,2.0
2104.0,2024-09-25T03:46:56.003045,1.3450411951484702,0.5156644918591665,0.778782611616327,terbinafine,coordinates_highestspeed_20240924_09_5_with_time_speed.csv,2.0,-0.04373266060846413,20240924_piworm09_5,2.0
2105.0,2024-09-25T03:46:58.003683,-0.5775325393248417,0.5158189413842112,0.7786037297041216,terbinafine,coordinates_highestspeed_20240924_09_5_with_time_speed.csv,2.0,-0.8566427333795215,20240924_piworm09_5,2.0
2106.0,2024-09-25T03:47:00.002964,-0.685850488519444,0.5157352660690444,0.7786399181592772,terbinafine,coordinates_highestspeed_20240924_09_5_with_time_speed.csv,2.0,-0.9312029369328642,20240924_piworm09_5,2.0
2107.0,2024-09-25T03:47:02.002942,-0.4182338263466279,0.5161768202351995,0.7785540538069025,terbinafine,coordinates_highestspeed_20240924_09_5_with_time_speed.csv,2.0,0.9027968107525856,20240924_piworm09_5,2.0
2108.0,2024-09-25T03:47:04.003581,-0.7017115312599124,0.5161153838921378,0.7785874123244138,terbinafine,coordinates_highestspeed_20240924_09_5_with_time_speed.csv,2.0,-0.7720569579708744,20240924_piworm09_5,2.0
2109.0,2024-09-25T03:47:06.002873,-0.6245144177404913,0.5162846236296281,0.7786250211549672,terbinafine,coordinates_highestspeed_20240924_09_5_with_time_speed.csv,2.0,-0.2522635279745449,20240924_piworm09_5,2.0
2110.0,2024-09-25T03:47:08.003005,-0.6088468426544228,0.5164478564011274,0.77851950749147,terbinafine,coordinates_highestspeed_20240924_09_5_with_time_speed.csv,2.0,-0.8829374878093983,20240924_piworm09_5,2.0
2111.0,2024-09-25T03:47:10.003388,-0.6568771862199538,0.5163206113898992,0.7785461074536164,terbinafine,coordinates_highestspeed_20240924_09_5_with_time_speed.csv,2.0,-0.9344034714893624,20240924_piworm09_5,2.0
2112.0,2024-09-25T03:47:12.002922,-0.7538743804726019,0.5163206113898992,0.7785461074536164,terbinafine,coordinates_highestspeed_20240924_09_5_with_time_speed.csv,2.0,-0.10675524197738073,20240924_piworm09_5,2.0
2113.0,2024-09-25T03:47:14.002957,0.1068468225432229,0.5174098798397864,0.7781664441477526,terbinafine,coordinates_highestspeed_20240924_09_5_with_time_speed.csv,2.0,0.3524762047415773,20240924_piworm09_5,2.0
2114.0,2024-09-25T03:47:16.003522,-0.37114795658918653,0.5177774187239037,0.778524231884551,terbinafine,coordinates_highestspeed_20240924_09_5_with_time_speed.csv,2.0,-0.16963275996189825,20240924_piworm09_5,2.0
2115.0,2024-09-25T03:47:18.002878,-0.6805551614146301,0.5178728871199335,0.7785474972919869,terbinafine,coordinates_highestspeed_20240924_09_5_with_time_speed.csv,2.0,-0.07608820280229847,20240924_piworm09_5,2.0
2116.0,2024-09-25T03:47:20.003018,-0.7538743804726019,0.5178728871199335,0.7785474972919869,terbinafine,coordinates_highestspeed_20240924_09_5_with_time_speed.csv,2.0,0.03958342416034426,20240924_piworm09_5,2.0
2117.0,2024-09-25T03:47:22.003369,-0.7033607803845844,0.5179400626411735,0.7785558942321418,terbinafine,coordinates_highestspeed_20240924_09_5_with_time_speed.csv,2.0,-0.03958342416034426,20240924_piworm09_5,2.0
2118.0,2024-09-25T03:47:24.002934,-0.7538743804726019,0.5179400626411735,0.7785558942321418,terbinafine,coordinates_highestspeed_20240924_09_5_with_time_speed.csv,2.0,-0.20582697260984115,20240924_piworm09_5,2.0
2119.0,2024-09-25T03:47:26.002949,-0.11972781565150363,0.5186183728842758,0.7780438434041087,terbinafine,coordinates_highestspeed_20240924_09_5_with_time_speed.csv,2.0,-0.04929728292917289,20240924_piworm09_5,2.0
2120.0,2024-09-25T03:47:28.003543,-0.5265525510140621,0.5188303018743606,0.7778249787595582,terbinafine,coordinates_highestspeed_20240924_09_5_with_time_speed.csv,2.0,0.8930110997188112,20240924_piworm09_5,2.0
2121.0,2024-09-25T03:47:30.002891,-0.20131659270480826,0.5185194515118691,0.7784971156510568,terbinafine,coordinates_highestspeed_20240924_09_5_with_time_speed.csv,2.0,0.9064800517900775,20240924_piworm09_5,2.0
2122.0,2024-09-25T03:47:32.003076,0.170618796786792,0.5186915887850467,0.7772701264023026,terbinafine,coordinates_highestspeed_20240924_09_5_with_time_speed.csv,2.0,-0.8937140036270992,20240924_piworm09_5,2.0
2123.0,2024-09-25T03:47:34.003387,-0.023127372664473244,0.5182451858101189,0.7781418169010624,terbinafine,coordinates_highestspeed_20240924_09_5_with_time_speed.csv,2.0,0.21068709011281742,20240924_piworm09_5,2.0
2124.0,2024-09-25T03:47:36.002940,0.6804286136620449,0.5165024501943,0.7789529428437171,terbinafine,coordinates_highestspeed_20240924_09_5_with_time_speed.csv,2.0,0.034098776312078666,20240924_piworm09_5,2.0
2125.0,2024-09-25T03:47:38.039125,1.6462578985986764,0.5134577859236378,0.7799906779058468,terbinafine,coordinates_highestspeed_20240924_09_5_with_time_speed.csv,2.0,-0.053928782022311696,20240924_piworm09_5,2.0
2126.0,2024-09-25T03:47:40.003573,-0.2653845325840723,0.5128826012322848,0.7803033444178159,terbinafine,coordinates_highestspeed_20240924_09_5_with_time_speed.csv,2.0,0.1375110353768577,20240924_piworm09_5,2.0
2127.0,2024-09-25T03:47:42.002885,-0.5736532699589905,0.5126415934033638,0.7803192516646934,terbinafine,coordinates_highestspeed_20240924_09_5_with_time_speed.csv,2.0,-0.07550609281825274,20240924_piworm09_5,2.0
2128.0,2024-09-25T03:47:44.003008,0.34865333738475063,0.5112313494015412,0.7807603119949407,terbinafine,coordinates_highestspeed_20240924_09_5_with_time_speed.csv,2.0,-0.8607869536083403,20240924_piworm09_5,2.0
2129.0,2024-09-25T03:47:46.003370,-0.32870811289634455,0.511796031071732,0.780836569972084,terbinafine,coordinates_highestspeed_20240924_09_5_with_time_speed.csv,2.0,-0.1301636587058341,20240924_piworm09_5,2.0
2130.0,2024-09-25T03:47:48.002956,-0.4941085900376587,0.5121311173518714,0.7807421389438791,terbinafine,coordinates_highestspeed_20240924_09_5_with_time_speed.csv,2.0,-0.9532157317937355,20240924_piworm09_5,2.0
2131.0,2024-09-25T03:47:50.002954,-0.5826503330734091,0.5119035117985028,0.7807713655660732,terbinafine,coordinates_highestspeed_20240924_09_5_with_time_speed.csv,2.0,-0.003752684521268727,20240924_piworm09_5,2.0
2132.0,2024-09-25T03:47:52.003573,-0.4255787962039008,0.5114678043723102,0.7808325439505933,terbinafine,coordinates_highestspeed_20240924_09_5_with_time_speed.csv,2.0,-0.4252786417875682,20240924_piworm09_5,2.0
2133.0,2024-09-25T03:47:54.002889,-0.47224132074396363,0.5114319092122831,0.7812082777036048,terbinafine,coordinates_highestspeed_20240924_09_5_with_time_speed.csv,2.0,-0.7873572805530704,20240924_piworm09_5,2.0
2134.0,2024-09-25T03:47:56.003009,-0.4239726010229742,0.5117375548350181,0.7808888041197787,terbinafine,coordinates_highestspeed_20240924_09_5_with_time_speed.csv,2.0,-0.42828353720672413,20240924_piworm09_5,2.0
2135.0,2024-09-25T03:47:58.003606,-0.7256724986764608,0.5117167717876709,0.7808572349339349,terbinafine,coordinates_highestspeed_20240924_09_5_with_time_speed.csv,2.0,0.6344996261115848,20240924_piworm09_5,2.0
2136.0,2024-09-25T03:48:00.002954,-0.6764415719438899,0.5118192271776627,0.7808407356243778,terbinafine,coordinates_highestspeed_20240924_09_5_with_time_speed.csv,2.0,-0.04730569692893276,20240924_piworm09_5,2.0
2137.0,2024-09-25T03:48:02.002961,1.4096335394713277,0.5145820631747918,0.7799609498599288,terbinafine,coordinates_highestspeed_20240924_09_5_with_time_speed.csv,2.0,0.11324971847030527,20240924_piworm09_5,2.0
2138.0,2024-09-25T03:48:04.003530,-0.2001791260138638,0.5153232881937823,0.7799961853900439,terbinafine,coordinates_highestspeed_20240924_09_5_with_time_speed.csv,2.0,0.5624761609804418,20240924_piworm09_5,2.0
2139.0,2024-09-25T03:48:06.002876,-0.6214372770327832,0.5152804471896595,0.78016842970114,terbinafine,coordinates_highestspeed_20240924_09_5_with_time_speed.csv,2.0,-0.678049734199105,20240924_piworm09_5,2.0
2140.0,2024-09-25T03:48:08.003071,-0.47628092998746574,0.515634105142031,0.7800529619603301,terbinafine,coordinates_highestspeed_20240924_09_5_with_time_speed.csv,2.0,-0.11409195466376548,20240924_piworm09_5,2.0
2141.0,2024-09-25T03:48:10.003374,0.260211404920163,0.5166959826505888,0.7792047244650716,terbinafine,coordinates_highestspeed_20240924_09_5_with_time_speed.csv,2.0,0.4420760848010237,20240924_piworm09_5,2.0
2142.0,2024-09-25T03:48:12.002966,-0.38396948338016473,0.5170703795536906,0.7795296727205939,terbinafine,coordinates_highestspeed_20240924_09_5_with_time_speed.csv,2.0,-0.06683103990692979,20240924_piworm09_5,2.0
2143.0,2024-09-25T03:48:14.002965,-0.38283486626622437,0.5175056103173024,0.7797701900406215,terbinafine,coordinates_highestspeed_20240924_09_5_with_time_speed.csv,2.0,0.6495522246894105,20240924_piworm09_5,2.0
2144.0,2024-09-25T03:48:16.003639,-0.6869983575753795,0.5174314415655812,0.7798205093422246,terbinafine,coordinates_highestspeed_20240924_09_5_with_time_speed.csv,2.0,0.03339666066816285,20240924_piworm09_5,2.0
2145.0,2024-09-25T03:48:18.002915,-0.11384124612315116,0.5166750831851795,0.7802251015170486,terbinafine,coordinates_highestspeed_20240924_09_5_with_time_speed.csv,2.0,0.06817241489439782,20240924_piworm09_5,2.0
2146.0,2024-09-25T03:48:20.003023,0.056623564275348426,0.5156302679667166,0.7805221777184393,terbinafine,coordinates_highestspeed_20240924_09_5_with_time_speed.csv,2.0,-0.03851510340927055,20240924_piworm09_5,2.0
2147.0,2024-09-25T03:48:22.003377,-0.18495726652950806,0.5149274075730992,0.7808177045834236,terbinafine,coordinates_highestspeed_20240924_09_5_with_time_speed.csv,2.0,-0.8907459989264795,20240924_piworm09_5,2.0
2148.0,2024-09-25T03:48:24.003037,0.0965059322958494,0.5160653765460174,0.7807552927713142,terbinafine,coordinates_highestspeed_20240924_09_5_with_time_speed.csv,2.0,-0.14802558521537235,20240924_piworm09_5,2.0
2149.0,2024-09-25T03:48:26.002959,2.090260676208486,0.5193735791866633,0.7788619059647097,terbinafine,coordinates_highestspeed_20240924_09_5_with_time_speed.csv,2.0,-0.11248130782137487,20240924_piworm09_5,2.0
2150.0,2024-09-25T03:48:28.003604,-0.1109057912543818,0.5199271219821641,0.7782015062440528,terbinafine,coordinates_highestspeed_20240924_09_5_with_time_speed.csv,2.0,0.04412730919176421,20240924_piworm09_5,2.0
2151.0,2024-09-25T03:48:30.002894,-0.6242497467473855,0.5200560454232017,0.7780850658020219,terbinafine,coordinates_highestspeed_20240924_09_5_with_time_speed.csv,2.0,-0.34136024377895996,20240924_piworm09_5,2.0
2152.0,2024-09-25T03:48:32.003027,-0.5350889173697859,0.5199874342260269,0.7777999900044981,terbinafine,coordinates_highestspeed_20240924_09_5_with_time_speed.csv,2.0,-0.5613580731489982,20240924_piworm09_5,2.0
2153.0,2024-09-25T03:48:34.003381,2.290752881295809,0.516276694578947,0.7794970867454608,terbinafine,coordinates_highestspeed_20240924_09_5_with_time_speed.csv,2.0,0.054861534081628895,20240924_piworm09_5,2.0
2154.0,2024-09-25T03:48:36.002938,-0.29942590253662205,0.5156875834445928,0.7796516567544606,terbinafine,coordinates_highestspeed_20240924_09_5_with_time_speed.csv,2.0,0.09782981515775266,20240924_piworm09_5,2.0
2155.0,2024-09-25T03:48:38.002954,-0.351378725626909,0.5151488534420163,0.7796242943808118,terbinafine,coordinates_highestspeed_20240924_09_5_with_time_speed.csv,2.0,0.08399893283360645,20240924_piworm09_5,2.0
2156.0,2024-09-25T03:48:40.003609,-0.3611417152593921,0.5146483520968278,0.7794614070580279,terbinafine,coordinates_highestspeed_20240924_09_5_with_time_speed.csv,2.0,0.8998478249916857,20240924_piworm09_5,2.0
2157.0,2024-09-25T03:48:42.002887,-0.7538743804726019,0.5146483520968278,0.7794614070580279,terbinafine,coordinates_highestspeed_20240924_09_5_with_time_speed.csv,2.0,0.2139542986167859,20240924_piworm09_5,2.0
2158.0,2024-09-25T03:48:44.003141,-0.6445036942835161,0.5147630468943842,0.7795526779068256,terbinafine,coordinates_highestspeed_20240924_09_5_with_time_speed.csv,2.0,0.4939641475886921,20240924_piworm09_5,2.0
2159.0,2024-09-25T03:48:46.003647,-0.743365245114421,0.5147544874647678,0.7795638629283489,terbinafine,coordinates_highestspeed_20240924_09_5_with_time_speed.csv,2.0,0.2294446595696054,20240924_piworm09_5,2.0
2160.0,2024-09-25T03:48:48.002959,-0.6553788664047527,0.5146250313372707,0.7795896712355922,terbinafine,coordinates_highestspeed_20240924_09_5_with_time_speed.csv,2.0,-0.5444814750894044,20240924_piworm09_5,2.0
2161.0,2024-09-25T03:48:50.002987,0.6848506591508337,0.5152617282813866,0.7814096956862022,terbinafine,coordinates_highestspeed_20240924_09_5_with_time_speed.csv,2.0,0.21225770690221826,20240924_piworm09_5,2.0
2162.0,2024-09-25T03:48:52.003598,0.3962135861532737,0.5147618207925032,0.7828677230017381,terbinafine,coordinates_highestspeed_20240924_09_5_with_time_speed.csv,2.0,-0.7903605360734988,20240924_piworm09_5,2.0
2163.0,2024-09-25T03:48:54.002891,1.124361266187443,0.5168647627731283,0.7814842554300043,terbinafine,coordinates_highestspeed_20240924_09_5_with_time_speed.csv,2.0,0.2560620586096487,20240924_piworm09_5,2.0
2164.0,2024-09-25T03:48:56.002996,0.05969011599491964,0.5179282105007634,0.7817249155173406,terbinafine,coordinates_highestspeed_20240924_09_5_with_time_speed.csv,2.0,0.7506272956787964,20240924_piworm09_5,2.0
2165.0,2024-09-25T03:48:58.003364,-0.08652928322691149,0.5171708619622912,0.7822006577876193,terbinafine,coordinates_highestspeed_20240924_09_5_with_time_speed.csv,2.0,-0.9717864364615652,20240924_piworm09_5,2.0
2166.0,2024-09-25T03:49:00.002978,0.12334522341054384,0.518217838838882,0.781665877083423,terbinafine,coordinates_highestspeed_20240924_09_5_with_time_speed.csv,2.0,0.23879345887195913,20240924_piworm09_5,2.0
2167.0,2024-09-25T03:49:02.002958,-0.504917595280921,0.5185386847267492,0.7817574270349292,terbinafine,coordinates_highestspeed_20240924_09_5_with_time_speed.csv,2.0,0.40588552191835725,20240924_piworm09_5,2.0
2168.0,2024-09-25T03:49:04.003376,-0.6827122935223371,0.5185403742743547,0.7818527834534444,terbinafine,coordinates_highestspeed_20240924_09_5_with_time_speed.csv,2.0,-0.5091874920718946,20240924_piworm09_5,2.0
2169.0,2024-09-25T03:49:06.002976,-0.22227486855383907,0.519252050862826,0.7818196097470425,terbinafine,coordinates_highestspeed_20240924_09_5_with_time_speed.csv,2.0,0.8688475088680924,20240924_piworm09_5,2.0
2170.0,2024-09-25T03:49:08.003006,0.5274356086117186,0.5177122796554458,0.7825798187769818,terbinafine,coordinates_highestspeed_20240924_09_5_with_time_speed.csv,2.0,0.11810404863813731,20240924_piworm09_5,2.0
2171.0,2024-09-25T03:49:10.003388,-0.3320213816773318,0.5171490790309409,0.7826292662060741,terbinafine,coordinates_highestspeed_20240924_09_5_with_time_speed.csv,2.0,-0.09650085533907816,20240924_piworm09_5,2.0
2172.0,2024-09-25T03:49:12.002998,-0.14199487009511416,0.5163908467103425,0.7829415965473344,terbinafine,coordinates_highestspeed_20240924_09_5_with_time_speed.csv,2.0,0.7262974338185877,20240924_piworm09_5,2.0
2173.0,2024-09-25T03:49:14.002942,1.399620028211219,0.5172992561510585,0.780202174327675,terbinafine,coordinates_highestspeed_20240924_09_5_with_time_speed.csv,2.0,-0.3822278532255111,20240924_piworm09_5,2.0
2174.0,2024-09-25T03:49:16.003369,-0.6635873492318365,0.5172059477996807,0.780125134165816,terbinafine,coordinates_highestspeed_20240924_09_5_with_time_speed.csv,2.0,0.5808576866676494,20240924_piworm09_5,2.0
2175.0,2024-09-25T03:49:18.002934,-0.28686369227459785,0.5177129376385342,0.7797581241007427,terbinafine,coordinates_highestspeed_20240924_09_5_with_time_speed.csv,2.0,-0.09705732183641835,20240924_piworm09_5,2.0
2176.0,2024-09-25T03:49:20.003085,-0.6698583551451522,0.5177801170791825,0.7796677621443976,terbinafine,coordinates_highestspeed_20240924_09_5_with_time_speed.csv,2.0,-0.8233235308745744,20240924_piworm09_5,2.0
2177.0,2024-09-25T03:49:22.003371,-0.5147265714936415,0.5174820552816296,0.779785588705733,terbinafine,coordinates_highestspeed_20240924_09_5_with_time_speed.csv,2.0,-0.04915777960505107,20240924_piworm09_5,2.0
2178.0,2024-09-25T03:49:24.002990,0.48689198276307105,0.5160480640854472,0.7806275033377837,terbinafine,coordinates_highestspeed_20240924_09_5_with_time_speed.csv,2.0,-0.8368923278809919,20240924_piworm09_5,2.0
2179.0,2024-09-25T03:49:26.002955,-0.3003997837295134,0.5166557067798524,0.7806162777567437,terbinafine,coordinates_highestspeed_20240924_09_5_with_time_speed.csv,2.0,-0.995865667765889,20240924_piworm09_5,2.0
2180.0,2024-09-25T03:49:28.003385,-0.5113774132115015,0.5163307173792699,0.7806180598521605,terbinafine,coordinates_highestspeed_20240924_09_5_with_time_speed.csv,2.0,-0.26263041717841695,20240924_piworm09_5,2.0
2181.0,2024-09-25T03:49:30.002895,-0.3613682156000336,0.5159759260165386,0.7810064379032428,terbinafine,coordinates_highestspeed_20240924_09_5_with_time_speed.csv,2.0,-0.8773964702806768,20240924_piworm09_5,2.0
2182.0,2024-09-25T03:49:32.003010,0.5754894937043231,0.5175837286594892,0.780238900093742,terbinafine,coordinates_highestspeed_20240924_09_5_with_time_speed.csv,2.0,-0.4613051010430947,20240924_piworm09_5,2.0
2183.0,2024-09-25T03:49:34.003699,-0.47900713173537646,0.5174665121260582,0.7798896697428073,terbinafine,coordinates_highestspeed_20240924_09_5_with_time_speed.csv,2.0,-0.5276554058518893,20240924_piworm09_5,2.0
2184.0,2024-09-25T03:49:36.003028,-0.3957327847901074,0.517026447248016,0.7800813069110875,terbinafine,coordinates_highestspeed_20240924_09_5_with_time_speed.csv,2.0,-0.03236578596380577,20240924_piworm09_5,2.0
2185.0,2024-09-25T03:49:38.002964,-0.4456514320828701,0.5166664166454148,0.7802838241250506,terbinafine,coordinates_highestspeed_20240924_09_5_with_time_speed.csv,2.0,-0.8350650322527255,20240924_piworm09_5,2.0
2186.0,2024-09-25T03:49:40.003587,-0.3318414043378685,0.517232015568781,0.7802870871142691,terbinafine,coordinates_highestspeed_20240924_09_5_with_time_speed.csv,2.0,-0.2580769075877421,20240924_piworm09_5,2.0
2187.0,2024-09-25T03:49:42.002980,-0.34785744845353445,0.5176091662706584,0.7798948503843166,terbinafine,coordinates_highestspeed_20240924_09_5_with_time_speed.csv,2.0,0.10234353030774973,20240924_piworm09_5,2.0
2188.0,2024-09-25T03:49:44.003010,0.18794960763576518,0.5187267233504321,0.779308083292343,terbinafine,coordinates_highestspeed_20240924_09_5_with_time_speed.csv,2.0,0.04868034999124942,20240924_piworm09_5,2.0
2189.0,2024-09-25T03:49:46.037584,-0.5182853254109824,0.5190253671562083,0.7792056074766355,terbinafine,coordinates_highestspeed_20240924_09_5_with_time_speed.csv,2.0,-0.7153612186322789,20240924_piworm09_5,2.0
2190.0,2024-09-25T03:49:48.002958,-0.6603687771897169,0.5189194374935043,0.7791386519351151,terbinafine,coordinates_highestspeed_20240924_09_5_with_time_speed.csv,2.0,0.2955001953113405,20240924_piworm09_5,2.0
2191.0,2024-09-25T03:49:50.002951,-0.5264876570563441,0.5188954534189297,0.7788348536571716,terbinafine,coordinates_highestspeed_20240924_09_5_with_time_speed.csv,2.0,-0.4794845945316489,20240924_piworm09_5,2.0
2192.0,2024-09-25T03:49:52.003549,-0.26869225411895575,0.5182452794201793,0.7788441731832921,terbinafine,coordinates_highestspeed_20240924_09_5_with_time_speed.csv,2.0,0.6640945581120988,20240924_piworm09_5,2.0
2193.0,2024-09-25T03:49:54.002894,-0.0983615855820654,0.5186673768824754,0.7780737010314271,terbinafine,coordinates_highestspeed_20240924_09_5_with_time_speed.csv,2.0,-0.26420873236763587,20240924_piworm09_5,2.0
2194.0,2024-09-25T03:49:56.003087,-0.3522007756612778,0.5184935224988628,0.7775642248272422,terbinafine,coordinates_highestspeed_20240924_09_5_with_time_speed.csv,2.0,0.49359232405472114,20240924_piworm09_5,2.0
2195.0,2024-09-25T03:49:58.003321,-0.6820982817011418,0.5185839183427365,0.7775313320987123,terbinafine,coordinates_highestspeed_20240924_09_5_with_time_speed.csv,2.0,0.8280936382539417,20240924_piworm09_5,2.0
2196.0,2024-09-25T03:50:00.002938,-0.6315362065932495,0.5184805993483539,0.7776586398444905,terbinafine,coordinates_highestspeed_20240924_09_5_with_time_speed.csv,2.0,-0.9449634781756245,20240924_piworm09_5,2.0
2197.0,2024-09-25T03:50:02.002955,1.0733900436217823,0.5203279168973265,0.7760509948223647,terbinafine,coordinates_highestspeed_20240924_09_5_with_time_speed.csv,2.0,0.1265010328138299,20240924_piworm09_5,2.0
2198.0,2024-09-25T03:50:04.003561,-0.36580171714307047,0.5208218176251987,0.7758880205454406,terbinafine,coordinates_highestspeed_20240924_09_5_with_time_speed.csv,2.0,-0.3041397007493613,20240924_piworm09_5,2.0
2199.0,2024-09-25T03:50:06.002883,-0.6079055919470787,0.5208789916954262,0.7757009345794392,terbinafine,coordinates_highestspeed_20240924_09_5_with_time_speed.csv,2.0,0.9309725972143811,20240924_piworm09_5,2.0
2200.0,2024-09-25T03:50:08.003006,-0.17528586050390144,0.520817229990865,0.7764738950179186,terbinafine,coordinates_highestspeed_20240924_09_5_with_time_speed.csv,2.0,0.13923249092034012,20240924_piworm09_5,2.0
2201.0,2024-09-25T03:50:10.003371,0.39722448038636693,0.5200545171339563,0.7778148642634625,terbinafine,coordinates_highestspeed_20240924_09_5_with_time_speed.csv,2.0,0.27329050070054917,20240924_piworm09_5,2.0
2202.0,2024-09-25T03:50:12.002931,-0.6475286271167126,0.5199146961048736,0.7778424924507845,terbinafine,coordinates_highestspeed_20240924_09_5_with_time_speed.csv,2.0,0.6516230277733991,20240924_piworm09_5,2.0
2203.0,2024-09-25T03:50:14.002947,-0.478047374727655,0.5200173000620546,0.7774873540307264,terbinafine,coordinates_highestspeed_20240924_09_5_with_time_speed.csv,2.0,-0.2460921598088335,20240924_piworm09_5,2.0
2204.0,2024-09-25T03:50:16.003357,-0.47830653091275693,0.5198428822971691,0.7771618196242334,terbinafine,coordinates_highestspeed_20240924_09_5_with_time_speed.csv,2.0,0.3081406983084547,20240924_piworm09_5,2.0
2205.0,2024-09-25T03:50:18.002917,-0.40808768047457034,0.5200553118443639,0.7767499523173756,terbinafine,coordinates_highestspeed_20240924_09_5_with_time_speed.csv,2.0,-0.005574421505567384,20240924_piworm09_5,2.0
2206.0,2024-09-25T03:50:20.003009,0.29121979673551274,0.5206754545967394,0.7754940860113955,terbinafine,coordinates_highestspeed_20240924_09_5_with_time_speed.csv,2.0,0.04180567429689208,20240924_piworm09_5,2.0
2207.0,2024-09-25T03:50:22.003603,0.0320352499487681,0.5212614640871925,0.7746188818206411,terbinafine,coordinates_highestspeed_20240924_09_5_with_time_speed.csv,2.0,0.3204688983470379,20240924_piworm09_5,2.0
2208.0,2024-09-25T03:50:24.002939,-0.6948394110948239,0.5213405559854754,0.7746209383211585,terbinafine,coordinates_highestspeed_20240924_09_5_with_time_speed.csv,2.0,-0.03900729818158798,20240924_piworm09_5,2.0
2209.0,2024-09-25T03:50:26.002950,-0.10873735818289014,0.522201141482991,0.7745375900811218,terbinafine,coordinates_highestspeed_20240924_09_5_with_time_speed.csv,2.0,-0.17675946908115125,20240924_piworm09_5,2.0
2210.0,2024-09-25T03:50:28.003517,0.1795223017065988,0.5231955860826484,0.7737786928756415,terbinafine,coordinates_highestspeed_20240924_09_5_with_time_speed.csv,2.0,0.2872329547442478,20240924_piworm09_5,2.0
2211.0,2024-09-25T03:50:30.002872,-0.6849963504588004,0.5232850149405557,0.7738015767054486,terbinafine,coordinates_highestspeed_20240924_09_5_with_time_speed.csv,2.0,0.57798394615012,20240924_piworm09_5,2.0
2212.0,2024-09-25T03:50:32.003164,0.6179609842129493,0.5224108334922754,0.7754189851478991,terbinafine,coordinates_highestspeed_20240924_09_5_with_time_speed.csv,2.0,0.005175484822604505,20240924_piworm09_5,2.0
2213.0,2024-09-25T03:50:34.003372,0.3552108159336679,0.5216829189974819,0.7767149448209427,terbinafine,coordinates_highestspeed_20240924_09_5_with_time_speed.csv,2.0,0.17625305889537177,20240924_piworm09_5,2.0
2214.0,2024-09-25T03:50:36.002937,0.6445472584475557,0.5200429841414569,0.7776221954475887,terbinafine,coordinates_highestspeed_20240924_09_5_with_time_speed.csv,2.0,-0.0447124011230825,20240924_piworm09_5,2.0
2215.0,2024-09-25T03:50:38.002949,0.8552305487213601,0.5183207239282006,0.778920041536864,terbinafine,coordinates_highestspeed_20240924_09_5_with_time_speed.csv,2.0,0.09895336874775434,20240924_piworm09_5,2.0
2216.0,2024-09-25T03:50:40.003578,0.1024398600550332,0.5172368553061114,0.7792972518270989,terbinafine,coordinates_highestspeed_20240924_09_5_with_time_speed.csv,2.0,-0.8984922861358204,20240924_piworm09_5,2.0
2217.0,2024-09-25T03:50:42.002881,-0.6162142481650552,0.5174213236696548,0.7792942971581156,terbinafine,coordinates_highestspeed_20240924_09_5_with_time_speed.csv,2.0,-0.2357666964860708,20240924_piworm09_5,2.0
2218.0,2024-09-25T03:50:44.002970,-0.36891313984215485,0.517796455880568,0.7789401019541207,terbinafine,coordinates_highestspeed_20240924_09_5_with_time_speed.csv,2.0,0.9005635335093007,20240924_piworm09_5,2.0
2219.0,2024-09-25T03:50:46.003370,-0.6926727949964231,0.5177570093457944,0.7790120160213618,terbinafine,coordinates_highestspeed_20240924_09_5_with_time_speed.csv,2.0,0.992277618629409,20240924_piworm09_5,2.0
2220.0,2024-09-25T03:50:48.002955,-0.41827035458966727,0.5179636879304232,0.7786125379979332,terbinafine,coordinates_highestspeed_20240924_09_5_with_time_speed.csv,2.0,-0.7747633802197105,20240924_piworm09_5,2.0
2221.0,2024-09-25T03:50:50.004012,-0.40190163593954636,0.5175266368229535,0.7787900206811698,terbinafine,coordinates_highestspeed_20240924_09_5_with_time_speed.csv,2.0,-0.21326030451113695,20240924_piworm09_5,2.0
2222.0,2024-09-25T03:50:52.003504,-0.5803886293121229,0.5174121050289275,0.778992360183949,terbinafine,coordinates_highestspeed_20240924_09_5_with_time_speed.csv,2.0,-0.09096295328168963,20240924_piworm09_5,2.0
2223.0,2024-09-25T03:50:54.002933,-0.6296957439683908,0.5173742768135291,0.7791544281263908,terbinafine,coordinates_highestspeed_20240924_09_5_with_time_speed.csv,2.0,-0.18592208172823416,20240924_piworm09_5,2.0
2224.0,2024-09-25T03:50:56.003021,-0.6803823615103164,0.5174084927088932,0.7792467879250257,terbinafine,coordinates_highestspeed_20240924_09_5_with_time_speed.csv,2.0,-0.5910572058638819,20240924_piworm09_5,2.0
2225.0,2024-09-25T03:50:58.003373,-0.5161257565236964,0.517663902747523,0.7790562855737475,terbinafine,coordinates_highestspeed_20240924_09_5_with_time_speed.csv,2.0,0.9477734754900679,20240924_piworm09_5,2.0
2226.0,2024-09-25T03:51:00.002943,-0.5739854161420772,0.5174967897749015,0.7792300562108289,terbinafine,coordinates_highestspeed_20240924_09_5_with_time_speed.csv,2.0,-0.01305194470515709,20240924_piworm09_5,2.0
2227.0,2024-09-25T03:51:02.002960,-0.45720399627275643,0.5172331686409906,0.779527692974922,terbinafine,coordinates_highestspeed_20240924_09_5_with_time_speed.csv,2.0,0.4552455672838919,20240924_piworm09_5,2.0
2228.0,2024-09-25T03:51:04.003525,-0.6525259449353882,0.5171198729107164,0.7794527724730019,terbinafine,coordinates_highestspeed_20240924_09_5_with_time_speed.csv,2.0,0.814022373043419,20240924_piworm09_5,2.0
2229.0,2024-09-25T03:51:06.002888,-0.7538743804726019,0.5171198729107164,0.7794527724730019,terbinafine,coordinates_highestspeed_20240924_09_5_with_time_speed.csv,2.0,0.0,20240924_piworm09_5,2.0
2230.0,2024-09-25T03:51:08.003133,-0.7538743804726019,0.5171198729107164,0.7794527724730019,terbinafine,coordinates_highestspeed_20240924_09_5_with_time_speed.csv,2.0,-0.3505764613028179,20240924_piworm09_5,2.0
2231.0,2024-09-25T03:51:10.003382,-0.26605389177505445,0.5174156258978215,0.7788697165841375,terbinafine,coordinates_highestspeed_20240924_09_5_with_time_speed.csv,2.0,0.055409226002065694,20240924_piworm09_5,2.0
2232.0,2024-09-25T03:51:12.002935,-0.6908234237744513,0.5174663264098968,0.7788021159013706,terbinafine,coordinates_highestspeed_20240924_09_5_with_time_speed.csv,2.0,0.15442148893561886,20240924_piworm09_5,2.0
2233.0,2024-09-25T03:51:14.002948,0.7426167196951011,0.5192790387182911,0.7779439252336448,terbinafine,coordinates_highestspeed_20240924_09_5_with_time_speed.csv,2.0,0.6246240215379778,20240924_piworm09_5,2.0
2234.0,2024-09-25T03:51:16.003544,-0.5166644344300546,0.5192951332370102,0.7782614261938291,terbinafine,coordinates_highestspeed_20240924_09_5_with_time_speed.csv,2.0,-0.7618295439619375,20240924_piworm09_5,2.0
2235.0,2024-09-25T03:51:18.002871,-0.10816209268277295,0.5198510294427657,0.7775982011102522,terbinafine,coordinates_highestspeed_20240924_09_5_with_time_speed.csv,2.0,-0.9343249716461947,20240924_piworm09_5,2.0
2236.0,2024-09-25T03:51:20.003023,0.49028452226042935,0.5185408501658124,0.7786295706102762,terbinafine,coordinates_highestspeed_20240924_09_5_with_time_speed.csv,2.0,-0.05336574114385466,20240924_piworm09_5,2.0
2237.0,2024-09-25T03:51:22.003383,-0.6927763223108968,0.5184858637512492,0.7786902452746219,terbinafine,coordinates_highestspeed_20240924_09_5_with_time_speed.csv,2.0,-0.8570645273277161,20240924_piworm09_5,2.0
2238.0,2024-09-25T03:51:24.002943,-0.2873198418696984,0.5190652526219446,0.7784551309502817,terbinafine,coordinates_highestspeed_20240924_09_5_with_time_speed.csv,2.0,0.09743768756704459,20240924_piworm09_5,2.0
2239.0,2024-09-25T03:51:26.002958,-0.6793665002044913,0.519164793564415,0.7784472123168444,terbinafine,coordinates_highestspeed_20240924_09_5_with_time_speed.csv,2.0,-0.9791046270644813,20240924_piworm09_5,2.0
2240.0,2024-09-25T03:51:28.003616,-0.727567198928751,0.5191295400236409,0.7784476967166413,terbinafine,coordinates_highestspeed_20240924_09_5_with_time_speed.csv,2.0,-0.9956265515957049,20240924_piworm09_5,2.0
2241.0,2024-09-25T03:51:30.002927,-0.7538743804726019,0.5191295400236409,0.7784476967166413,terbinafine,coordinates_highestspeed_20240924_09_5_with_time_speed.csv,2.0,0.4378934938059198,20240924_piworm09_5,2.0
2242.0,2024-09-25T03:51:32.003011,-0.5599217714569455,0.5191799356636589,0.7787026997965969,terbinafine,coordinates_highestspeed_20240924_09_5_with_time_speed.csv,2.0,0.17769526320014772,20240924_piworm09_5,2.0
2243.0,2024-09-25T03:51:34.003631,-0.6944808358900324,0.5191516616750261,0.7787771082163606,terbinafine,coordinates_highestspeed_20240924_09_5_with_time_speed.csv,2.0,-0.7614493372556116,20240924_piworm09_5,2.0
2244.0,2024-09-25T03:51:36.002933,-0.5506071072909081,0.5193959762441877,0.7786565996040699,terbinafine,coordinates_highestspeed_20240924_09_5_with_time_speed.csv,2.0,-0.5618382187933104,20240924_piworm09_5,2.0
2245.0,2024-09-25T03:51:38.002927,-0.19589101803098113,0.5189419225634179,0.7780624165554072,terbinafine,coordinates_highestspeed_20240924_09_5_with_time_speed.csv,2.0,-0.5840907290179187,20240924_piworm09_5,2.0
2246.0,2024-09-25T03:51:40.003535,-0.29567354610112395,0.5185682821256368,0.7785497436071875,terbinafine,coordinates_highestspeed_20240924_09_5_with_time_speed.csv,2.0,0.2181989358543684,20240924_piworm09_5,2.0
2247.0,2024-09-25T03:51:42.002856,-0.21912144148501034,0.5178706744127306,0.7787139609569517,terbinafine,coordinates_highestspeed_20240924_09_5_with_time_speed.csv,2.0,-0.045062109285671406,20240924_piworm09_5,2.0
2248.0,2024-09-25T03:51:44.003113,-0.6002295785153556,0.5176789006657403,0.7787889521629747,terbinafine,coordinates_highestspeed_20240924_09_5_with_time_speed.csv,2.0,-0.15286884877153156,20240924_piworm09_5,2.0
2249.0,2024-09-25T03:51:46.003551,-0.6785730255551043,0.5176125244618395,0.7788649706457925,terbinafine,coordinates_highestspeed_20240924_09_5_with_time_speed.csv,2.0,-0.8029828560853446,20240924_piworm09_5,2.0
2250.0,2024-09-25T03:51:48.002954,-0.20393928189118196,0.5183294501601263,0.778694032129986,terbinafine,coordinates_highestspeed_20240924_09_5_with_time_speed.csv,2.0,-0.09695778041415501,20240924_piworm09_5,2.0
2251.0,2024-09-25T03:51:50.002962,-0.6225270770041504,0.5184805547181187,0.7786037297041216,terbinafine,coordinates_highestspeed_20240924_09_5_with_time_speed.csv,2.0,0.059607773335471965,20240924_piworm09_5,2.0
2252.0,2024-09-25T03:51:52.003522,-0.6949859973126989,0.5185546540686727,0.7785765636232926,terbinafine,coordinates_highestspeed_20240924_09_5_with_time_speed.csv,2.0,0.11185441342763522,20240924_piworm09_5,2.0
2253.0,2024-09-25T03:51:54.020481,-0.7538743804726019,0.5185546540686727,0.7785765636232926,terbinafine,coordinates_highestspeed_20240924_09_5_with_time_speed.csv,2.0,0.0,20240924_piworm09_5,2.0
2254.0,2024-09-25T03:51:56.003014,-0.7538743804726019,0.5185546540686727,0.7785765636232926,terbinafine,coordinates_highestspeed_20240924_09_5_with_time_speed.csv,2.0,0.0,20240924_piworm09_5,2.0
2255.0,2024-09-25T03:51:58.003538,-0.7538743804726019,0.5185546540686727,0.7785765636232926,terbinafine,coordinates_highestspeed_20240924_09_5_with_time_speed.csv,2.0,0.0,20240924_piworm09_5,2.0
2256.0,2024-09-25T03:52:00.002927,-0.7538743804726019,0.5185546540686727,0.7785765636232926,terbinafine,coordinates_highestspeed_20240924_09_5_with_time_speed.csv,2.0,0.844672118597165,20240924_piworm09_5,2.0
2257.0,2024-09-25T03:52:02.002958,0.6837074359593092,0.5168528798632094,0.7794798522786717,terbinafine,coordinates_highestspeed_20240924_09_5_with_time_speed.csv,2.0,-0.35034306208255245,20240924_piworm09_5,2.0
2258.0,2024-09-25T03:52:04.003505,-0.5100292725776411,0.5168587017757781,0.779806601480201,terbinafine,coordinates_highestspeed_20240924_09_5_with_time_speed.csv,2.0,0.29485042130669326,20240924_piworm09_5,2.0
2259.0,2024-09-25T03:52:06.002923,-0.636290380109973,0.5167344337905085,0.779903507707246,terbinafine,coordinates_highestspeed_20240924_09_5_with_time_speed.csv,2.0,-0.8297059660923769,20240924_piworm09_5,2.0
2260.0,2024-09-25T03:52:08.003015,-0.7029999808842583,0.5168020637686407,0.7798948503843166,terbinafine,coordinates_highestspeed_20240924_09_5_with_time_speed.csv,2.0,0.04052648827107139,20240924_piworm09_5,2.0
2261.0,2024-09-25T03:52:10.003389,-0.7538743804726019,0.5168020637686407,0.7798948503843166,terbinafine,coordinates_highestspeed_20240924_09_5_with_time_speed.csv,2.0,-0.34296134480514334,20240924_piworm09_5,2.0
2262.0,2024-09-25T03:52:12.002945,-0.6957870974241258,0.5168389313091613,0.7798262852342449,terbinafine,coordinates_highestspeed_20240924_09_5_with_time_speed.csv,2.0,-0.8927587894949719,20240924_piworm09_5,2.0
2263.0,2024-09-25T03:52:14.002991,-0.5276575772087511,0.5166151553821302,0.7800308330075459,terbinafine,coordinates_highestspeed_20240924_09_5_with_time_speed.csv,2.0,-0.7642798656998845,20240924_piworm09_5,2.0
2264.0,2024-09-25T03:52:16.003564,-0.7538743804726019,0.5166151553821302,0.7800308330075459,terbinafine,coordinates_highestspeed_20240924_09_5_with_time_speed.csv,2.0,0.659306700285819,20240924_piworm09_5,2.0
2265.0,2024-09-25T03:52:18.002876,-0.6955676321912915,0.5165776591010236,0.7800993917816348,terbinafine,coordinates_highestspeed_20240924_09_5_with_time_speed.csv,2.0,-0.6593067002858191,20240924_piworm09_5,2.0
2266.0,2024-09-25T03:52:20.003111,-0.7538743804726019,0.5165776591010236,0.7800993917816348,terbinafine,coordinates_highestspeed_20240924_09_5_with_time_speed.csv,2.0,-0.2238369015588679,20240924_piworm09_5,2.0
2267.0,2024-09-25T03:52:22.003579,-0.29099452691026,0.517050846912349,0.7796982321810607,terbinafine,coordinates_highestspeed_20240924_09_5_with_time_speed.csv,2.0,0.07049944395035339,20240924_piworm09_5,2.0
2268.0,2024-09-25T03:52:24.002909,-0.5689559870820976,0.5172704710575246,0.7795834118292693,terbinafine,coordinates_highestspeed_20240924_09_5_with_time_speed.csv,2.0,-0.7738782830287465,20240924_piworm09_5,2.0
2269.0,2024-09-25T03:52:26.002956,-0.34872288519218503,0.5167416204061556,0.7794603330756797,terbinafine,coordinates_highestspeed_20240924_09_5_with_time_speed.csv,2.0,0.6727097240899401,20240924_piworm09_5,2.0
2270.0,2024-09-25T03:52:28.003619,-0.7061755461726201,0.5167861784808,0.7794144952652101,terbinafine,coordinates_highestspeed_20240924_09_5_with_time_speed.csv,2.0,0.12672571281674713,20240924_piworm09_5,2.0
2271.0,2024-09-25T03:52:30.002888,-0.5801901628428299,0.5170004450378283,0.7793235425011127,terbinafine,coordinates_highestspeed_20240924_09_5_with_time_speed.csv,2.0,-0.9889183474885251,20240924_piworm09_5,2.0
2272.0,2024-09-25T03:52:32.003013,-0.48395546634483566,0.5166627398623,0.7794532143075299,terbinafine,coordinates_highestspeed_20240924_09_5_with_time_speed.csv,2.0,-0.05331423415006094,20240924_piworm09_5,2.0
2273.0,2024-09-25T03:52:34.003366,-0.583667448330857,0.5164663996439697,0.7795693403170039,terbinafine,coordinates_highestspeed_20240924_09_5_with_time_speed.csv,2.0,-0.8299871146308402,20240924_piworm09_5,2.0
2274.0,2024-09-25T03:52:36.002974,-0.7538743804726019,0.5164663996439697,0.7795693403170039,terbinafine,coordinates_highestspeed_20240924_09_5_with_time_speed.csv,2.0,0.0,20240924_piworm09_5,2.0
2275.0,2024-09-25T03:52:38.002934,-0.7538743804726019,0.5164663996439697,0.7795693403170039,terbinafine,coordinates_highestspeed_20240924_09_5_with_time_speed.csv,2.0,0.0,20240924_piworm09_5,2.0
2276.0,2024-09-25T03:52:40.009355,-0.7538743804726019,0.5164663996439697,0.7795693403170039,terbinafine,coordinates_highestspeed_20240924_09_5_with_time_speed.csv,2.0,0.7152377763201601,20240924_piworm09_5,2.0
2277.0,2024-09-25T03:52:42.002897,-0.228089494218192,0.5160254076141927,0.7801189464740866,terbinafine,coordinates_highestspeed_20240924_09_5_with_time_speed.csv,2.0,0.17638886519531502,20240924_piworm09_5,2.0
2278.0,2024-09-25T03:52:44.002984,-0.5158117508366415,0.5157246699302774,0.7802254858329625,terbinafine,coordinates_highestspeed_20240924_09_5_with_time_speed.csv,2.0,-0.039936992803205715,20240924_piworm09_5,2.0
2279.0,2024-09-25T03:52:46.003376,-0.6183627671483377,0.5155624165554072,0.7803070761014687,terbinafine,coordinates_highestspeed_20240924_09_5_with_time_speed.csv,2.0,-0.04734294297988638,20240924_piworm09_5,2.0
2280.0,2024-09-25T03:52:48.002913,-0.624313845332428,0.5154205607476635,0.7804072096128171,terbinafine,coordinates_highestspeed_20240924_09_5_with_time_speed.csv,2.0,0.9609782435194216,20240924_piworm09_5,2.0
2281.0,2024-09-25T03:52:50.002928,-0.12690652136790279,0.5160426215846181,0.779842337554106,terbinafine,coordinates_highestspeed_20240924_09_5_with_time_speed.csv,2.0,0.3857760368054721,20240924_piworm09_5,2.0
2282.0,2024-09-25T03:52:52.003281,-0.19081519252167994,0.5167137964490957,0.780187247593064,terbinafine,coordinates_highestspeed_20240924_09_5_with_time_speed.csv,2.0,-0.5112266741386787,20240924_piworm09_5,2.0
2283.0,2024-09-25T03:52:54.002865,-0.08744836991991745,0.5170937594211638,0.7793789568887549,terbinafine,coordinates_highestspeed_20240924_09_5_with_time_speed.csv,2.0,0.9812446296722934,20240924_piworm09_5,2.0
2284.0,2024-09-25T03:52:56.003071,-0.6846520742731125,0.5170593048796244,0.7794650932426032,terbinafine,coordinates_highestspeed_20240924_09_5_with_time_speed.csv,2.0,-0.4788526555400883,20240924_piworm09_5,2.0
2285.0,2024-09-25T03:52:58.003350,-0.6921051661424091,0.5171339563862928,0.7795008729588169,terbinafine,coordinates_highestspeed_20240924_09_5_with_time_speed.csv,2.0,-0.14226628605080346,20240924_piworm09_5,2.0
2286.0,2024-09-25T03:53:00.002878,-0.7538743804726019,0.5171339563862928,0.7795008729588169,terbinafine,coordinates_highestspeed_20240924_09_5_with_time_speed.csv,2.0,-0.007730703624778334,20240924_piworm09_5,2.0
2287.0,2024-09-25T03:53:02.002931,-0.7131572173878425,0.5171885094103966,0.7794995477841423,terbinafine,coordinates_highestspeed_20240924_09_5_with_time_speed.csv,2.0,0.7367480266053595,20240924_piworm09_5,2.0
2288.0,2024-09-25T03:53:04.003393,-0.6692009886963549,0.5171137273941012,0.7795849010802282,terbinafine,coordinates_highestspeed_20240924_09_5_with_time_speed.csv,2.0,-0.12155663725578882,20240924_piworm09_5,2.0
2289.0,2024-09-25T03:53:06.002868,-0.5148482657311952,0.5170076230673156,0.779887161376459,terbinafine,coordinates_highestspeed_20240924_09_5_with_time_speed.csv,2.0,0.12304607093290644,20240924_piworm09_5,2.0
2290.0,2024-09-25T03:53:08.003032,-0.689956641037731,0.516950871203799,0.7799513275084079,terbinafine,coordinates_highestspeed_20240924_09_5_with_time_speed.csv,2.0,-0.7305067566576992,20240924_piworm09_5,2.0
2291.0,2024-09-25T03:53:10.003366,-0.7538743804726019,0.516950871203799,0.7799513275084079,terbinafine,coordinates_highestspeed_20240924_09_5_with_time_speed.csv,2.0,-0.21120773382793356,20240924_piworm09_5,2.0
2292.0,2024-09-25T03:53:12.002894,-0.09519163471838696,0.5176463354648303,0.7794076312276017,terbinafine,coordinates_highestspeed_20240924_09_5_with_time_speed.csv,2.0,-0.8502747228796311,20240924_piworm09_5,2.0
2293.0,2024-09-25T03:53:14.002936,0.19701193526066366,0.5163956566365945,0.7796522531004731,terbinafine,coordinates_highestspeed_20240924_09_5_with_time_speed.csv,2.0,-0.9518747033973118,20240924_piworm09_5,2.0
2294.0,2024-09-25T03:53:16.003420,-0.6102228748991214,0.5165880088179589,0.7796441767317664,terbinafine,coordinates_highestspeed_20240924_09_5_with_time_speed.csv,2.0,0.5157741863833738,20240924_piworm09_5,2.0
2295.0,2024-09-25T03:53:18.002918,-0.6958860652352467,0.5165874187025197,0.7797218903957713,terbinafine,coordinates_highestspeed_20240924_09_5_with_time_speed.csv,2.0,0.652477409522291,20240924_piworm09_5,2.0
2296.0,2024-09-25T03:53:20.002989,-0.629875036769374,0.5164405253516317,0.7796441767317664,terbinafine,coordinates_highestspeed_20240924_09_5_with_time_speed.csv,2.0,-0.2053058461607906,20240924_piworm09_5,2.0
2297.0,2024-09-25T03:53:22.003577,-0.6791512330209165,0.5163416347036895,0.7796599705194595,terbinafine,coordinates_highestspeed_20240924_09_5_with_time_speed.csv,2.0,-0.9495885896399981,20240924_piworm09_5,2.0
2298.0,2024-09-25T03:53:24.002987,-0.7538743804726019,0.5163416347036895,0.7796599705194595,terbinafine,coordinates_highestspeed_20240924_09_5_with_time_speed.csv,2.0,0.0,20240924_piworm09_5,2.0
2299.0,2024-09-25T03:53:26.002956,-0.7538743804726019,0.5163416347036895,0.7796599705194595,terbinafine,coordinates_highestspeed_20240924_09_5_with_time_speed.csv,2.0,0.4838110429944289,20240924_piworm09_5,2.0
2300.0,2024-09-25T03:53:28.003541,-0.2674726572025674,0.5163747742087489,0.7803110029058353,terbinafine,coordinates_highestspeed_20240924_09_5_with_time_speed.csv,2.0,0.9624290838552293,20240924_piworm09_5,2.0
2301.0,2024-09-25T03:53:30.002880,-0.20749153938711848,0.5162516884110588,0.7795891598154264,terbinafine,coordinates_highestspeed_20240924_09_5_with_time_speed.csv,2.0,0.7711357161152153,20240924_piworm09_5,2.0
2302.0,2024-09-25T03:53:32.003063,-0.615396641754499,0.5163956566365945,0.7797062750333779,terbinafine,coordinates_highestspeed_20240924_09_5_with_time_speed.csv,2.0,-0.06537032692297233,20240924_piworm09_5,2.0
2303.0,2024-09-25T03:53:34.003374,-0.5871381869311554,0.5165941176005877,0.7798089760706584,terbinafine,coordinates_highestspeed_20240924_09_5_with_time_speed.csv,2.0,-0.1457743414552985,20240924_piworm09_5,2.0
2304.0,2024-09-25T03:53:36.002900,-0.7305717966155969,0.5166253417254753,0.7798095873863564,terbinafine,coordinates_highestspeed_20240924_09_5_with_time_speed.csv,2.0,-0.23867186898661788,20240924_piworm09_5,2.0
2305.0,2024-09-25T03:53:38.002945,-0.3170407518678568,0.5170615083677461,0.7794190703884248,terbinafine,coordinates_highestspeed_20240924_09_5_with_time_speed.csv,2.0,0.2636494754562654,20240924_piworm09_5,2.0
2306.0,2024-09-25T03:53:40.003378,-0.3988641092976654,0.5175350079175335,0.7794656441146335,terbinafine,coordinates_highestspeed_20240924_09_5_with_time_speed.csv,2.0,-0.04414108710646973,20240924_piworm09_5,2.0
2307.0,2024-09-25T03:53:42.002881,-0.5302736967585323,0.5178344301277443,0.779453472480072,terbinafine,coordinates_highestspeed_20240924_09_5_with_time_speed.csv,2.0,0.0041459995303105394,20240924_piworm09_5,2.0
2308.0,2024-09-25T03:53:44.002984,-0.7131924373506605,0.5178889312734439,0.7794519677029691,terbinafine,coordinates_highestspeed_20240924_09_5_with_time_speed.csv,2.0,0.9411082929727368,20240924_piworm09_5,2.0
2309.0,2024-09-25T03:53:46.003380,-0.2862766572555061,0.5172763684913217,0.7795842075147816,terbinafine,coordinates_highestspeed_20240924_09_5_with_time_speed.csv,2.0,-0.9323219864528279,20240924_piworm09_5,2.0
2310.0,2024-09-25T03:53:48.002919,-0.7538743804726019,0.5172763684913217,0.7795842075147816,terbinafine,coordinates_highestspeed_20240924_09_5_with_time_speed.csv,2.0,0.8432148749233099,20240924_piworm09_5,2.0
2311.0,2024-09-25T03:53:50.002944,0.0820945670388025,0.516289183981836,0.7801140043011441,terbinafine,coordinates_highestspeed_20240924_09_5_with_time_speed.csv,2.0,-0.050743701161965395,20240924_piworm09_5,2.0
2312.0,2024-09-25T03:53:52.003595,-0.6591292337091614,0.5161882510013351,0.7801910483819695,terbinafine,coordinates_highestspeed_20240924_09_5_with_time_speed.csv,2.0,-0.11234554580546968,20240924_piworm09_5,2.0
2313.0,2024-09-25T03:53:54.002927,-0.3288045846612164,0.5158828123031968,0.7806719231512037,terbinafine,coordinates_highestspeed_20240924_09_5_with_time_speed.csv,2.0,0.0793139907777714,20240924_piworm09_5,2.0
2314.0,2024-09-25T03:53:56.002979,-0.6387196732622878,0.5157704965431615,0.780777767384113,terbinafine,coordinates_highestspeed_20240924_09_5_with_time_speed.csv,2.0,0.21390107064947408,20240924_piworm09_5,2.0
2315.0,2024-09-25T03:53:58.003368,-0.026399589472442433,0.5147989527161757,0.7808593275882996,terbinafine,coordinates_highestspeed_20240924_09_5_with_time_speed.csv,2.0,-0.9372502376160151,20240924_piworm09_5,2.0
2316.0,2024-09-25T03:54:00.002915,-0.704172025451695,0.5148651360855868,0.7808668638795082,terbinafine,coordinates_highestspeed_20240924_09_5_with_time_speed.csv,2.0,-0.5837772377675503,20240924_piworm09_5,2.0
2317.0,2024-09-25T03:54:02.033380,-0.6840744250143156,0.5148511741145056,0.7807743658210947,terbinafine,coordinates_highestspeed_20240924_09_5_with_time_speed.csv,2.0,-0.5994574808094116,20240924_piworm09_5,2.0
2318.0,2024-09-25T03:54:04.003435,-0.5368814452016675,0.5145908830822049,0.7809040625596033,terbinafine,coordinates_highestspeed_20240924_09_5_with_time_speed.csv,2.0,0.9497127235211743,20240924_piworm09_5,2.0
2319.0,2024-09-25T03:54:06.002882,-0.655935175454781,0.5146976921609765,0.7808277703604807,terbinafine,coordinates_highestspeed_20240924_09_5_with_time_speed.csv,2.0,-0.13696954474084666,20240924_piworm09_5,2.0
2320.0,2024-09-25T03:54:08.002987,-0.7027316760784967,0.5147317635635393,0.7807682971234372,terbinafine,coordinates_highestspeed_20240924_09_5_with_time_speed.csv,2.0,-0.7374100182188396,20240924_piworm09_5,2.0
2321.0,2024-09-25T03:54:10.003382,-0.2140610946124775,0.5140266386928604,0.7809301290609701,terbinafine,coordinates_highestspeed_20240924_09_5_with_time_speed.csv,2.0,-0.8609957988792382,20240924_piworm09_5,2.0
2322.0,2024-09-25T03:54:12.002895,-0.5840709686776804,0.514249157606968,0.7809778116854218,terbinafine,coordinates_highestspeed_20240924_09_5_with_time_speed.csv,2.0,-0.23039270863986955,20240924_piworm09_5,2.0
2323.0,2024-09-25T03:54:14.002951,-0.32451944001383104,0.5147505911496453,0.7806955458683867,terbinafine,coordinates_highestspeed_20240924_09_5_with_time_speed.csv,2.0,0.04109975113327434,20240924_piworm09_5,2.0
2324.0,2024-09-25T03:54:16.003805,-0.24230731048756807,0.5153863688169592,0.7804389592627567,terbinafine,coordinates_highestspeed_20240924_09_5_with_time_speed.csv,2.0,0.07079230005840884,20240924_piworm09_5,2.0
2325.0,2024-09-25T03:54:18.002888,-0.5827504391550898,0.5156127361734838,0.7804021523647692,terbinafine,coordinates_highestspeed_20240924_09_5_with_time_speed.csv,2.0,-0.06855137615057759,20240924_piworm09_5,2.0
2326.0,2024-09-25T03:54:20.002970,-0.47064027107688655,0.5159657320872274,0.780262572318647,terbinafine,coordinates_highestspeed_20240924_09_5_with_time_speed.csv,2.0,-0.14359083055583105,20240924_piworm09_5,2.0
2327.0,2024-09-25T03:54:22.003566,0.39874852351277595,0.5170109165161392,0.7791251079871202,terbinafine,coordinates_highestspeed_20240924_09_5_with_time_speed.csv,2.0,-0.9521512391592345,20240924_piworm09_5,2.0
2328.0,2024-09-25T03:54:24.002900,0.542674697399938,0.5156568676435657,0.7802141096103598,terbinafine,coordinates_highestspeed_20240924_09_5_with_time_speed.csv,2.0,0.12126709928210654,20240924_piworm09_5,2.0
2329.0,2024-09-25T03:54:26.002948,0.42948623846129863,0.5141400655419347,0.7806772666585751,terbinafine,coordinates_highestspeed_20240924_09_5_with_time_speed.csv,2.0,-0.16034678117812864,20240924_piworm09_5,2.0
2330.0,2024-09-25T03:54:28.003355,-0.4031290234159728,0.5138126002455174,0.7810145070384674,terbinafine,coordinates_highestspeed_20240924_09_5_with_time_speed.csv,2.0,0.25752856623172765,20240924_piworm09_5,2.0
2331.0,2024-09-25T03:54:30.002930,0.3784045484744991,0.51229518145406,0.7810009305336408,terbinafine,coordinates_highestspeed_20240924_09_5_with_time_speed.csv,2.0,-0.07085765628982395,20240924_piworm09_5,2.0
2332.0,2024-09-25T03:54:32.002951,-0.21526433249121732,0.5115897501890071,0.7811539884504641,terbinafine,coordinates_highestspeed_20240924_09_5_with_time_speed.csv,2.0,0.17241966324323452,20240924_piworm09_5,2.0
2333.0,2024-09-25T03:54:34.003664,-0.2975965788211601,0.5110108497153293,0.780956984791983,terbinafine,coordinates_highestspeed_20240924_09_5_with_time_speed.csv,2.0,-0.24309408129550103,20240924_piworm09_5,2.0
2334.0,2024-09-25T03:54:36.002918,-0.424141648147555,0.5106102253985706,0.7811434854315559,terbinafine,coordinates_highestspeed_20240924_09_5_with_time_speed.csv,2.0,0.48222093482693934,20240924_piworm09_5,2.0
2335.0,2024-09-25T03:54:38.002963,-0.6545492075897711,0.510547396528705,0.7810261300781994,terbinafine,coordinates_highestspeed_20240924_09_5_with_time_speed.csv,2.0,0.711273302193619,20240924_piworm09_5,2.0
2336.0,2024-09-25T03:54:40.003535,-0.22229397825805208,0.5112492847606332,0.7811481975967958,terbinafine,coordinates_highestspeed_20240924_09_5_with_time_speed.csv,2.0,0.5050080055082646,20240924_piworm09_5,2.0
2337.0,2024-09-25T03:54:42.002877,-0.49894480966219246,0.5111854565777626,0.7814838389170056,terbinafine,coordinates_highestspeed_20240924_09_5_with_time_speed.csv,2.0,0.41366087194113144,20240924_piworm09_5,2.0
2338.0,2024-09-25T03:54:44.002004,0.026076284642818106,0.5101437932569096,0.7815708300722802,terbinafine,coordinates_highestspeed_20240924_09_5_with_time_speed.csv,2.0,0.6475504439390352,20240924_piworm09_5,2.0
2339.0,2024-09-25T03:54:46.003573,-0.09855269401843748,0.5104697419688836,0.7807552927713142,terbinafine,coordinates_highestspeed_20240924_09_5_with_time_speed.csv,2.0,-0.16015694899525892,20240924_piworm09_5,2.0
2340.0,2024-09-25T03:54:48.002964,-0.6443647150133713,0.510451746607417,0.7806096354010986,terbinafine,coordinates_highestspeed_20240924_09_5_with_time_speed.csv,2.0,0.9055684206773462,20240924_piworm09_5,2.0
2341.0,2024-09-25T03:54:50.002941,0.1442942078983129,0.5109421257328612,0.7817089452603472,terbinafine,coordinates_highestspeed_20240924_09_5_with_time_speed.csv,2.0,0.512757584473439,20240924_piworm09_5,2.0
2342.0,2024-09-25T03:54:52.003576,-0.5322478754151584,0.5106662363004152,0.7818189820860049,terbinafine,coordinates_highestspeed_20240924_09_5_with_time_speed.csv,2.0,0.8897597568333435,20240924_piworm09_5,2.0
2343.0,2024-09-25T03:54:54.002881,-0.42194624522215396,0.5109989584716794,0.7815237070020061,terbinafine,coordinates_highestspeed_20240924_09_5_with_time_speed.csv,2.0,-0.5743657902199142,20240924_piworm09_5,2.0
2344.0,2024-09-25T03:54:56.002979,-0.5205081708206686,0.5107428461316119,0.7813441977619644,terbinafine,coordinates_highestspeed_20240924_09_5_with_time_speed.csv,2.0,0.63084222805541,20240924_piworm09_5,2.0
2345.0,2024-09-25T03:54:58.003380,-0.3110197474387533,0.5112493225290486,0.7810347790453278,terbinafine,coordinates_highestspeed_20240924_09_5_with_time_speed.csv,2.0,0.2550351146029344,20240924_piworm09_5,2.0
2346.0,2024-09-25T03:55:00.002879,0.18642491960398772,0.5124694561301861,0.7813499760687206,terbinafine,coordinates_highestspeed_20240924_09_5_with_time_speed.csv,2.0,0.006616511116422375,20240924_piworm09_5,2.0
2347.0,2024-09-25T03:55:02.002942,-0.08208638870080849,0.5133363002521881,0.7815932354250111,terbinafine,coordinates_highestspeed_20240924_09_5_with_time_speed.csv,2.0,0.825142652377961,20240924_piworm09_5,2.0
2348.0,2024-09-25T03:55:04.003364,0.47320637500711454,0.5117538917509558,0.7820409761007696,terbinafine,coordinates_highestspeed_20240924_09_5_with_time_speed.csv,2.0,-0.01907573783468756,20240924_piworm09_5,2.0
2349.0,2024-09-25T03:55:06.002923,0.17799170387215116,0.5105747056681637,0.7824523607233886,terbinafine,coordinates_highestspeed_20240924_09_5_with_time_speed.csv,2.0,0.4484320005833904,20240924_piworm09_5,2.0
2350.0,2024-09-25T03:55:08.002950,-0.6385034727508392,0.510500892575869,0.7823164969022367,terbinafine,coordinates_highestspeed_20240924_09_5_with_time_speed.csv,2.0,-0.22078940818929785,20240924_piworm09_5,2.0
2351.0,2024-09-25T03:55:10.003362,-0.7076120161547873,0.5104433029349867,0.7822935288482572,terbinafine,coordinates_highestspeed_20240924_09_5_with_time_speed.csv,2.0,-0.07584747293063086,20240924_piworm09_5,2.0
2352.0,2024-09-25T03:55:12.002877,-0.1656341291152531,0.509662790610945,0.7821825749043417,terbinafine,coordinates_highestspeed_20240924_09_5_with_time_speed.csv,2.0,0.2586907593000274,20240924_piworm09_5,2.0
2353.0,2024-09-25T03:55:14.002945,-0.0911779176375603,0.5091490002083703,0.7814581291432893,terbinafine,coordinates_highestspeed_20240924_09_5_with_time_speed.csv,2.0,-0.4602459239162417,20240924_piworm09_5,2.0
2354.0,2024-09-25T03:55:16.003354,-0.3904436189955741,0.5087197008018974,0.7816882136844986,terbinafine,coordinates_highestspeed_20240924_09_5_with_time_speed.csv,2.0,-0.91211086757346,20240924_piworm09_5,2.0
2355.0,2024-09-25T03:55:18.002870,-0.34401467032139815,0.5092562440978214,0.7815705493503533,terbinafine,coordinates_highestspeed_20240924_09_5_with_time_speed.csv,2.0,-0.06245399208649919,20240924_piworm09_5,2.0
2356.0,2024-09-25T03:55:20.003007,-0.6069686364126357,0.5094366453101178,0.7814916930660999,terbinafine,coordinates_highestspeed_20240924_09_5_with_time_speed.csv,2.0,-0.07646240697462629,20240924_piworm09_5,2.0
2357.0,2024-09-25T03:55:22.003362,-0.632749389374464,0.5095656484094561,0.7813931549451164,terbinafine,coordinates_highestspeed_20240924_09_5_with_time_speed.csv,2.0,0.19277494606808424,20240924_piworm09_5,2.0
2358.0,2024-09-25T03:55:24.002919,-0.4989918509431382,0.5099068696912857,0.781377214609254,terbinafine,coordinates_highestspeed_20240924_09_5_with_time_speed.csv,2.0,0.12608964020590652,20240924_piworm09_5,2.0
2359.0,2024-09-25T03:55:26.002952,-0.19047388032623302,0.5106163056117834,0.7816357293595763,terbinafine,coordinates_highestspeed_20240924_09_5_with_time_speed.csv,2.0,-0.22915120695755758,20240924_piworm09_5,2.0
2360.0,2024-09-25T03:55:28.003565,-0.6188871700270855,0.510784942694155,0.7815702321710333,terbinafine,coordinates_highestspeed_20240924_09_5_with_time_speed.csv,2.0,0.06272627145664683,20240924_piworm09_5,2.0
2361.0,2024-09-25T03:55:30.002871,-0.4154917849755371,0.5112316421895862,0.7814919893190921,terbinafine,coordinates_highestspeed_20240924_09_5_with_time_speed.csv,2.0,-0.009134605882328029,20240924_piworm09_5,2.0
2362.0,2024-09-25T03:55:32.002948,-0.7025585406349989,0.5112990159719132,0.7814781849049761,terbinafine,coordinates_highestspeed_20240924_09_5_with_time_speed.csv,2.0,-0.744099319943188,20240924_piworm09_5,2.0
2363.0,2024-09-25T03:55:34.003365,-0.5020580623829541,0.5110208294085365,0.781287114926241,terbinafine,coordinates_highestspeed_20240924_09_5_with_time_speed.csv,2.0,0.8117911337631302,20240924_piworm09_5,2.0
2364.0,2024-09-25T03:55:36.002862,-0.090582991129814,0.5119097225174968,0.7812965057443895,terbinafine,coordinates_highestspeed_20240924_09_5_with_time_speed.csv,2.0,-0.11216594017677539,20240924_piworm09_5,2.0
2365.0,2024-09-25T03:55:38.002939,0.6504497983309829,0.5136829145447422,0.7806656380163571,terbinafine,coordinates_highestspeed_20240924_09_5_with_time_speed.csv,2.0,0.17179435892547737,20240924_piworm09_5,2.0
2366.0,2024-09-25T03:55:40.003336,-0.5508981628988545,0.5139496339947516,0.7807191197458679,terbinafine,coordinates_highestspeed_20240924_09_5_with_time_speed.csv,2.0,0.862195785903675,20240924_piworm09_5,2.0
2367.0,2024-09-25T03:55:42.002920,-0.6206101722592214,0.5137759436824857,0.7807607112513655,terbinafine,coordinates_highestspeed_20240924_09_5_with_time_speed.csv,2.0,-0.14515010771761108,20240924_piworm09_5,2.0
2368.0,2024-09-25T03:55:44.002935,-0.5235231584097044,0.5135380507343124,0.780957467098989,terbinafine,coordinates_highestspeed_20240924_09_5_with_time_speed.csv,2.0,-0.7800367949062863,20240924_piworm09_5,2.0
2369.0,2024-09-25T03:55:46.003360,-0.7538743804726019,0.5135380507343124,0.780957467098989,terbinafine,coordinates_highestspeed_20240924_09_5_with_time_speed.csv,2.0,-0.048174121840944016,20240924_piworm09_5,2.0
2370.0,2024-09-25T03:55:48.002889,-0.44351869306385394,0.5139492348179076,0.7808947575572825,terbinafine,coordinates_highestspeed_20240924_09_5_with_time_speed.csv,2.0,-0.053332362315208943,20240924_piworm09_5,2.0
2371.0,2024-09-25T03:55:50.002953,-0.601135948812973,0.5141436144879332,0.7808305811257115,terbinafine,coordinates_highestspeed_20240924_09_5_with_time_speed.csv,2.0,-0.005797365289301648,20240924_piworm09_5,2.0
2372.0,2024-09-25T03:55:52.003520,0.12757225046480827,0.515258439824528,0.7804398538710955,terbinafine,coordinates_highestspeed_20240924_09_5_with_time_speed.csv,2.0,-0.0037638416878190547,20240924_piworm09_5,2.0
2373.0,2024-09-25T03:55:54.002869,0.04385110832544136,0.51626312560892,0.7800743333453614,terbinafine,coordinates_highestspeed_20240924_09_5_with_time_speed.csv,2.0,0.12825690257180947,20240924_piworm09_5,2.0
2374.0,2024-09-25T03:55:56.003003,-0.5543424943441373,0.5165301483058493,0.7800887670046549,terbinafine,coordinates_highestspeed_20240924_09_5_with_time_speed.csv,2.0,-0.20402903439684839,20240924_piworm09_5,2.0
2375.0,2024-09-25T03:55:58.003544,-0.19221012927549508,0.5171568964805308,0.779671864892021,terbinafine,coordinates_highestspeed_20240924_09_5_with_time_speed.csv,2.0,0.5241457015176995,20240924_piworm09_5,2.0
2376.0,2024-09-25T03:56:00.002899,-0.7185187856323648,0.5171800742959525,0.7797131927198268,terbinafine,coordinates_highestspeed_20240924_09_5_with_time_speed.csv,2.0,0.6743076851713116,20240924_piworm09_5,2.0
2377.0,2024-09-25T03:56:02.002951,0.2410841392279263,0.5158475189141077,0.7796645527369827,terbinafine,coordinates_highestspeed_20240924_09_5_with_time_speed.csv,2.0,-0.7952017520627791,20240924_piworm09_5,2.0
2378.0,2024-09-25T03:56:04.003541,-0.5189307159135377,0.5160923784904696,0.7798625117177513,terbinafine,coordinates_highestspeed_20240924_09_5_with_time_speed.csv,2.0,0.23761100595946713,20240924_piworm09_5,2.0
2379.0,2024-09-25T03:56:06.002877,-0.4593644979151905,0.5161491918302418,0.780253103428685,terbinafine,coordinates_highestspeed_20240924_09_5_with_time_speed.csv,2.0,0.23410991553061983,20240924_piworm09_5,2.0
2380.0,2024-09-25T03:56:08.002935,-0.5728782790467848,0.5160140260273772,0.7804545254478499,terbinafine,coordinates_highestspeed_20240924_09_5_with_time_speed.csv,2.0,0.06635020825930378,20240924_piworm09_5,2.0
2381.0,2024-09-25T03:56:10.003406,-0.479044592698388,0.5157499376457988,0.780711278041051,terbinafine,coordinates_highestspeed_20240924_09_5_with_time_speed.csv,2.0,-0.7277190169903054,20240924_piworm09_5,2.0
2382.0,2024-09-25T03:56:12.002879,-0.5228606856067326,0.516058448301439,0.7807372793354102,terbinafine,coordinates_highestspeed_20240924_09_5_with_time_speed.csv,2.0,0.9096631134868046,20240924_piworm09_5,2.0
2383.0,2024-09-25T03:56:14.002954,-0.1895128624540086,0.5153171261315453,0.7808873369621033,terbinafine,coordinates_highestspeed_20240924_09_5_with_time_speed.csv,2.0,0.09090266880569534,20240924_piworm09_5,2.0
2384.0,2024-09-25T03:56:16.003532,-0.2306032206601091,0.5146184217102304,0.7808271991889365,terbinafine,coordinates_highestspeed_20240924_09_5_with_time_speed.csv,2.0,-0.9555331833507142,20240924_piworm09_5,2.0
2385.0,2024-09-25T03:56:18.002911,-0.6140276534733939,0.5148010968029056,0.7808691158103278,terbinafine,coordinates_highestspeed_20240924_09_5_with_time_speed.csv,2.0,-0.1179324606507456,20240924_piworm09_5,2.0
2386.0,2024-09-25T03:56:20.002946,-0.6744979227107087,0.5149063616353335,0.7808537509472089,terbinafine,coordinates_highestspeed_20240924_09_5_with_time_speed.csv,2.0,0.9515224371574074,20240924_piworm09_5,2.0
2387.0,2024-09-25T03:56:22.003349,-0.7010145429827885,0.5148386254135949,0.7808744993324432,terbinafine,coordinates_highestspeed_20240924_09_5_with_time_speed.csv,2.0,0.0013926820497316519,20240924_piworm09_5,2.0
2388.0,2024-09-25T03:56:24.002867,0.07871636573589519,0.5137702983823392,0.7811966342720527,terbinafine,coordinates_highestspeed_20240924_09_5_with_time_speed.csv,2.0,0.6487013903679536,20240924_piworm09_5,2.0
2389.0,2024-09-25T03:56:26.002956,-0.5592901434816993,0.5138155221454693,0.7809398037963662,terbinafine,coordinates_highestspeed_20240924_09_5_with_time_speed.csv,2.0,0.9637873680341494,20240924_piworm09_5,2.0
2390.0,2024-09-25T03:56:28.003510,-0.5748793285711754,0.5138010100423753,0.7811792534974169,terbinafine,coordinates_highestspeed_20240924_09_5_with_time_speed.csv,2.0,0.31127838757110565,20240924_piworm09_5,2.0
2391.0,2024-09-25T03:56:30.002880,-0.531290466080646,0.513543984572022,0.7813306631063641,terbinafine,coordinates_highestspeed_20240924_09_5_with_time_speed.csv,2.0,-0.9147292136126864,20240924_piworm09_5,2.0
2392.0,2024-09-25T03:56:32.002995,-0.12302289271338714,0.5143600558320185,0.7811096613666707,terbinafine,coordinates_highestspeed_20240924_09_5_with_time_speed.csv,2.0,-0.007092597017009655,20240924_piworm09_5,2.0
2393.0,2024-09-25T03:56:34.003356,-0.2418281662174361,0.5150182791715308,0.7809155663048113,terbinafine,coordinates_highestspeed_20240924_09_5_with_time_speed.csv,2.0,0.20411854090204357,20240924_piworm09_5,2.0
2394.0,2024-09-25T03:56:36.002880,-0.6068517428817859,0.515203066454197,0.7809839642821254,terbinafine,coordinates_highestspeed_20240924_09_5_with_time_speed.csv,2.0,-0.25224978691431676,20240924_piworm09_5,2.0
2395.0,2024-09-25T03:56:38.002949,-0.09799826211130433,0.5159991099243436,0.7806111852840825,terbinafine,coordinates_highestspeed_20240924_09_5_with_time_speed.csv,2.0,-0.15470135117128522,20240924_piworm09_5,2.0
2396.0,2024-09-25T03:56:40.003551,0.15993216076174682,0.5167371756719803,0.7796338893625235,terbinafine,coordinates_highestspeed_20240924_09_5_with_time_speed.csv,2.0,0.7500898708667262,20240924_piworm09_5,2.0
2397.0,2024-09-25T03:56:42.002884,-0.24215767031751206,0.5168317114441359,0.7803131447991262,terbinafine,coordinates_highestspeed_20240924_09_5_with_time_speed.csv,2.0,0.3857438511180789,20240924_piworm09_5,2.0
2398.0,2024-09-25T03:56:44.002940,-0.459222876997419,0.5164846388992245,0.7805015065624841,terbinafine,coordinates_highestspeed_20240924_09_5_with_time_speed.csv,2.0,0.06091008918711864,20240924_piworm09_5,2.0
2399.0,2024-09-25T03:56:46.003371,-0.536942726770399,0.5162074022193526,0.7805890549877068,terbinafine,coordinates_highestspeed_20240924_09_5_with_time_speed.csv,2.0,0.04748948442518693,20240924_piworm09_5,2.0
2400.0,2024-09-25T03:56:48.002870,-0.6269664981007882,0.5160394038898711,0.7806155955688666,terbinafine,coordinates_highestspeed_20240924_09_5_with_time_speed.csv,2.0,-0.045790454220800934,20240924_piworm09_5,2.0
2401.0,2024-09-25T03:56:50.002950,1.4679097751635706,0.5131952383617278,0.7814970859349392,terbinafine,coordinates_highestspeed_20240924_09_5_with_time_speed.csv,2.0,-0.3791204919501847,20240924_piworm09_5,2.0
2402.0,2024-09-25T03:56:52.003514,-0.41416652653158276,0.5131592122830441,0.7819509345794392,terbinafine,coordinates_highestspeed_20240924_09_5_with_time_speed.csv,2.0,-0.525214269511263,20240924_piworm09_5,2.0
2403.0,2024-09-25T03:56:54.002953,-0.7538743804726019,0.5131592122830441,0.7819509345794392,terbinafine,coordinates_highestspeed_20240924_09_5_with_time_speed.csv,2.0,0.6927852655071363,20240924_piworm09_5,2.0
2404.0,2024-09-25T03:56:56.003003,-0.22318828003862382,0.5127543125933917,0.7825356546034891,terbinafine,coordinates_highestspeed_20240924_09_5_with_time_speed.csv,2.0,0.27977839829732926,20240924_piworm09_5,2.0
2405.0,2024-09-25T03:56:58.003349,-0.3937345297170497,0.5122734452036266,0.7825772053369635,terbinafine,coordinates_highestspeed_20240924_09_5_with_time_speed.csv,2.0,0.6552266658741318,20240924_piworm09_5,2.0
2406.0,2024-09-25T03:57:00.002871,-0.632280644461078,0.5123371246049585,0.7824272025147455,terbinafine,coordinates_highestspeed_20240924_09_5_with_time_speed.csv,2.0,0.11236817176564584,20240924_piworm09_5,2.0
2407.0,2024-09-25T03:57:02.002950,-0.32120513533457057,0.512734278616214,0.7820046982474523,terbinafine,coordinates_highestspeed_20240924_09_5_with_time_speed.csv,2.0,-0.038467979109650934,20240924_piworm09_5,2.0
2408.0,2024-09-25T03:57:04.003546,-0.39712698783439504,0.5130173564753004,0.7816193949656451,terbinafine,coordinates_highestspeed_20240924_09_5_with_time_speed.csv,2.0,0.2528247629147997,20240924_piworm09_5,2.0
2409.0,2024-09-25T03:57:06.002878,-0.47040852467469096,0.5133933852731912,0.7815652938094675,terbinafine,coordinates_highestspeed_20240924_09_5_with_time_speed.csv,2.0,-0.7250810179697595,20240924_piworm09_5,2.0
2410.0,2024-09-25T03:57:08.002964,-0.7034123098618396,0.5133425764266886,0.7815206600253329,terbinafine,coordinates_highestspeed_20240924_09_5_with_time_speed.csv,2.0,0.8249771253567426,20240924_piworm09_5,2.0
2411.0,2024-09-25T03:57:10.003356,-0.6926616373388592,0.5134234180605988,0.7815346151556639,terbinafine,coordinates_highestspeed_20240924_09_5_with_time_speed.csv,2.0,0.3063492973667023,20240924_piworm09_5,2.0
2412.0,2024-09-25T03:57:12.002873,-0.6674058526549507,0.5134725087996116,0.7816395887156902,terbinafine,coordinates_highestspeed_20240924_09_5_with_time_speed.csv,2.0,0.34728380204446474,20240924_piworm09_5,2.0
2413.0,2024-09-25T03:57:14.002943,-0.6564224467280794,0.5133930955559795,0.7817432767499523,terbinafine,coordinates_highestspeed_20240924_09_5_with_time_speed.csv,2.0,-0.680672118061002,20240924_piworm09_5,2.0
2414.0,2024-09-25T03:57:16.003569,-0.37926312380965344,0.5138932941896746,0.7817863965950917,terbinafine,coordinates_highestspeed_20240924_09_5_with_time_speed.csv,2.0,-0.06506998053629078,20240924_piworm09_5,2.0
2415.0,2024-09-25T03:57:18.002887,-0.68169719239428,0.5139893484352762,0.7817749673557417,terbinafine,coordinates_highestspeed_20240924_09_5_with_time_speed.csv,2.0,0.037697606549750844,20240924_piworm09_5,2.0
2416.0,2024-09-25T03:57:20.002941,-0.7538743804726019,0.5139893484352762,0.7817749673557417,terbinafine,coordinates_highestspeed_20240924_09_5_with_time_speed.csv,2.0,0.0,20240924_piworm09_5,2.0
2417.0,2024-09-25T03:57:22.003534,-0.7538743804726019,0.5139893484352762,0.7817749673557417,terbinafine,coordinates_highestspeed_20240924_09_5_with_time_speed.csv,2.0,0.0,20240924_piworm09_5,2.0
2418.0,2024-09-25T03:57:24.002861,-0.7538743804726019,0.5139893484352762,0.7817749673557417,terbinafine,coordinates_highestspeed_20240924_09_5_with_time_speed.csv,2.0,0.03822190886254285,20240924_piworm09_5,2.0
2419.0,2024-09-25T03:57:26.002989,-0.6879551498292373,0.5140770572056003,0.781785550132417,terbinafine,coordinates_highestspeed_20240924_09_5_with_time_speed.csv,2.0,-0.03822190886254285,20240924_piworm09_5,2.0
2420.0,2024-09-25T03:57:28.003322,-0.7538743804726019,0.5140770572056003,0.781785550132417,terbinafine,coordinates_highestspeed_20240924_09_5_with_time_speed.csv,2.0,-0.8530499795100677,20240924_piworm09_5,2.0
2421.0,2024-09-25T03:57:30.002933,-0.2148961752436731,0.5134303364938562,0.7814637973041267,terbinafine,coordinates_highestspeed_20240924_09_5_with_time_speed.csv,2.0,0.8726548736430432,20240924_piworm09_5,2.0
2422.0,2024-09-25T03:57:32.002953,-0.31994065888528495,0.5140107915089942,0.7814995931458908,terbinafine,coordinates_highestspeed_20240924_09_5_with_time_speed.csv,2.0,0.8225231129006297,20240924_piworm09_5,2.0
2423.0,2024-09-25T03:57:34.003372,-0.501287353474234,0.5137130632007335,0.7816606881464442,terbinafine,coordinates_highestspeed_20240924_09_5_with_time_speed.csv,2.0,-0.9116152962684592,20240924_piworm09_5,2.0
2424.0,2024-09-25T03:57:36.002861,-0.4827220033977963,0.5140678368704285,0.7815819866161016,terbinafine,coordinates_highestspeed_20240924_09_5_with_time_speed.csv,2.0,-0.05588892342924334,20240924_piworm09_5,2.0
2425.0,2024-09-25T03:57:38.002942,0.5306725899458757,0.5156575610514195,0.7809212989453309,terbinafine,coordinates_highestspeed_20240924_09_5_with_time_speed.csv,2.0,0.5087360565078921,20240924_piworm09_5,2.0
2426.0,2024-09-25T03:57:40.003431,-0.4596477108849239,0.5157988429016466,0.7812894423894883,terbinafine,coordinates_highestspeed_20240924_09_5_with_time_speed.csv,2.0,-0.8546659482641636,20240924_piworm09_5,2.0
2427.0,2024-09-25T03:57:42.002877,-0.6120002802300293,0.5158159597411934,0.7811000748250415,terbinafine,coordinates_highestspeed_20240924_09_5_with_time_speed.csv,2.0,0.524861551066365,20240924_piworm09_5,2.0
2428.0,2024-09-25T03:57:44.002945,-0.5784357904211401,0.5160477623648858,0.7811394477005122,terbinafine,coordinates_highestspeed_20240924_09_5_with_time_speed.csv,2.0,0.6155038767222654,20240924_piworm09_5,2.0
2429.0,2024-09-25T03:57:46.003372,-0.6868837121332986,0.5160022887659736,0.7812168605760061,terbinafine,coordinates_highestspeed_20240924_09_5_with_time_speed.csv,2.0,-0.45245309559672514,20240924_piworm09_5,2.0
2430.0,2024-09-25T03:57:48.002848,-0.647050902540641,0.5161135657856885,0.7813069359514343,terbinafine,coordinates_highestspeed_20240924_09_5_with_time_speed.csv,2.0,-0.12681763091800852,20240924_piworm09_5,2.0
2431.0,2024-09-25T03:57:50.002925,-0.7071282900306544,0.5161737388982411,0.7813243745283567,terbinafine,coordinates_highestspeed_20240924_09_5_with_time_speed.csv,2.0,-0.7687022306859597,20240924_piworm09_5,2.0
2432.0,2024-09-25T03:57:52.003619,-0.6292989361106494,0.5160847610594387,0.7811831044744949,terbinafine,coordinates_highestspeed_20240924_09_5_with_time_speed.csv,2.0,0.2171070673207998,20240924_piworm09_5,2.0
2433.0,2024-09-25T03:57:54.002864,-0.7494088257123102,0.5160854774350734,0.7811771627706999,terbinafine,coordinates_highestspeed_20240924_09_5_with_time_speed.csv,2.0,-0.5564127683166727,20240924_piworm09_5,2.0
2434.0,2024-09-25T03:57:56.002925,-0.3480349626215235,0.515542462413653,0.7812082777036048,terbinafine,coordinates_highestspeed_20240924_09_5_with_time_speed.csv,2.0,-0.9817806651716948,20240924_piworm09_5,2.0
2435.0,2024-09-25T03:57:58.003670,-0.7538743804726019,0.515542462413653,0.7812082777036048,terbinafine,coordinates_highestspeed_20240924_09_5_with_time_speed.csv,2.0,0.0,20240924_piworm09_5,2.0
2436.0,2024-09-25T03:58:00.002862,-0.7538743804726019,0.515542462413653,0.7812082777036048,terbinafine,coordinates_highestspeed_20240924_09_5_with_time_speed.csv,2.0,-0.2988971750504111,20240924_piworm09_5,2.0
2437.0,2024-09-25T03:58:02.002949,-0.5630394318891436,0.5156935085044358,0.78100188811907,terbinafine,coordinates_highestspeed_20240924_09_5_with_time_speed.csv,2.0,-0.9128128745408939,20240924_piworm09_5,2.0
2438.0,2024-09-25T03:58:04.003345,-0.47834292250897525,0.5154029503550747,0.7812297787643238,terbinafine,coordinates_highestspeed_20240924_09_5_with_time_speed.csv,2.0,0.181439763805859,20240924_piworm09_5,2.0
2439.0,2024-09-25T03:58:06.002916,-0.6799738627120292,0.5153043564258518,0.781239183108342,terbinafine,coordinates_highestspeed_20240924_09_5_with_time_speed.csv,2.0,-0.9697297142145539,20240924_piworm09_5,2.0
2440.0,2024-09-25T03:58:08.002943,-0.7538743804726019,0.5153043564258518,0.781239183108342,terbinafine,coordinates_highestspeed_20240924_09_5_with_time_speed.csv,2.0,0.0,20240924_piworm09_5,2.0
2441.0,2024-09-25T03:58:10.003531,-0.7538743804726019,0.5153043564258518,0.781239183108342,terbinafine,coordinates_highestspeed_20240924_09_5_with_time_speed.csv,2.0,0.0,20240924_piworm09_5,2.0
2442.0,2024-09-25T03:58:12.002866,-0.7538743804726019,0.5153043564258518,0.781239183108342,terbinafine,coordinates_highestspeed_20240924_09_5_with_time_speed.csv,2.0,0.0,20240924_piworm09_5,2.0
2443.0,2024-09-25T03:58:14.002940,-0.7538743804726019,0.5153043564258518,0.781239183108342,terbinafine,coordinates_highestspeed_20240924_09_5_with_time_speed.csv,2.0,0.3666788764475989,20240924_piworm09_5,2.0
2444.0,2024-09-25T03:58:16.003324,-0.6019162530957104,0.5153871829105474,0.7814252336448598,terbinafine,coordinates_highestspeed_20240924_09_5_with_time_speed.csv,2.0,0.6418452429952077,20240924_piworm09_5,2.0
2445.0,2024-09-25T03:58:18.034444,-0.02306193354422588,0.5144080996884736,0.7813990082014114,terbinafine,coordinates_highestspeed_20240924_09_5_with_time_speed.csv,2.0,0.24002573165518465,20240924_piworm09_5,2.0
2446.0,2024-09-25T03:58:20.002923,-0.6892868536001073,0.514346614199049,0.781338080403501,terbinafine,coordinates_highestspeed_20240924_09_5_with_time_speed.csv,2.0,-0.4467162112867314,20240924_piworm09_5,2.0
2447.0,2024-09-25T03:58:22.003353,-0.35049762115680877,0.5139074321317312,0.7816533155318203,terbinafine,coordinates_highestspeed_20240924_09_5_with_time_speed.csv,2.0,0.23992436972358722,20240924_piworm09_5,2.0
2448.0,2024-09-25T03:58:24.002847,-0.29010238017496476,0.5132912259080483,0.7815720105439732,terbinafine,coordinates_highestspeed_20240924_09_5_with_time_speed.csv,2.0,-0.1806155495143335,20240924_piworm09_5,2.0
2449.0,2024-09-25T03:58:26.002942,0.3838766992624568,0.5119092122830441,0.7822162883845126,terbinafine,coordinates_highestspeed_20240924_09_5_with_time_speed.csv,2.0,0.876714202163809,20240924_piworm09_5,2.0
2450.0,2024-09-25T03:58:28.003359,-0.7145779311217019,0.5119450046871005,0.7821776553134676,terbinafine,coordinates_highestspeed_20240924_09_5_with_time_speed.csv,2.0,0.26214333781567734,20240924_piworm09_5,2.0
2451.0,2024-09-25T03:58:30.002862,-0.7538743804726019,0.5119450046871005,0.7821776553134676,terbinafine,coordinates_highestspeed_20240924_09_5_with_time_speed.csv,2.0,-0.05057012493470955,20240924_piworm09_5,2.0
2452.0,2024-09-25T03:58:32.002982,-0.6717888925927812,0.5120536301923692,0.7821602512269882,terbinafine,coordinates_highestspeed_20240924_09_5_with_time_speed.csv,2.0,-0.3062533002682397,20240924_piworm09_5,2.0
2453.0,2024-09-25T03:58:34.003524,-0.24560521680497618,0.5123497997329773,0.7815468243372115,terbinafine,coordinates_highestspeed_20240924_09_5_with_time_speed.csv,2.0,-0.8310675376163734,20240924_piworm09_5,2.0
2454.0,2024-09-25T03:58:36.002863,-0.015615923967779478,0.5115278082219078,0.78209752306558,terbinafine,coordinates_highestspeed_20240924_09_5_with_time_speed.csv,2.0,0.029497429855394275,20240924_piworm09_5,2.0
2455.0,2024-09-25T03:58:38.002938,-0.5845394787399332,0.5113283877249867,0.7822058483993697,terbinafine,coordinates_highestspeed_20240924_09_5_with_time_speed.csv,2.0,0.035766349915523285,20240924_piworm09_5,2.0
2456.0,2024-09-25T03:58:40.003360,-0.6560250741680654,0.5112068616741514,0.7822551280495206,terbinafine,coordinates_highestspeed_20240924_09_5_with_time_speed.csv,2.0,0.86180128905552,20240924_piworm09_5,2.0
2457.0,2024-09-25T03:58:42.002900,-0.5317458233003496,0.5114100852418609,0.7820375885796448,terbinafine,coordinates_highestspeed_20240924_09_5_with_time_speed.csv,2.0,0.26082589399288514,20240924_piworm09_5,2.0
2458.0,2024-09-25T03:58:44.002933,-0.7538743804726019,0.5114100852418609,0.7820375885796448,terbinafine,coordinates_highestspeed_20240924_09_5_with_time_speed.csv,2.0,-0.6515131696974675,20240924_piworm09_5,2.0
2459.0,2024-09-25T03:58:46.003344,-0.7334617197231036,0.5113975496740752,0.7820132725987592,terbinafine,coordinates_highestspeed_20240924_09_5_with_time_speed.csv,2.0,0.5695772626842499,20240924_piworm09_5,2.0
2460.0,2024-09-25T03:58:48.002875,-0.627521275064917,0.5115613087982044,0.7819701631160387,terbinafine,coordinates_highestspeed_20240924_09_5_with_time_speed.csv,2.0,-0.0490943006141247,20240924_piworm09_5,2.0
2461.0,2024-09-25T03:58:50.002938,0.2217615688198171,0.5127596288722516,0.7814469926146255,terbinafine,coordinates_highestspeed_20240924_09_5_with_time_speed.csv,2.0,0.09746090374004245,20240924_piworm09_5,2.0
2462.0,2024-09-25T03:58:52.003337,-0.024663665418460743,0.5137314869438321,0.7813441177383799,terbinafine,coordinates_highestspeed_20240924_09_5_with_time_speed.csv,2.0,0.5787365391881043,20240924_piworm09_5,2.0
2463.0,2024-09-25T03:58:54.002887,-0.712919532050684,0.5137237246561307,0.78139845375229,terbinafine,coordinates_highestspeed_20240924_09_5_with_time_speed.csv,2.0,-0.5912446860964162,20240924_piworm09_5,2.0
2464.0,2024-09-25T03:58:56.002952,-0.48543414391969075,0.5140797253480831,0.7813465573145145,terbinafine,coordinates_highestspeed_20240924_09_5_with_time_speed.csv,2.0,-0.987748734646755,20240924_piworm09_5,2.0
2465.0,2024-09-25T03:58:58.003568,-0.34902829418113934,0.5135402116116287,0.7814041072103846,terbinafine,coordinates_highestspeed_20240924_09_5_with_time_speed.csv,2.0,0.026272488883142476,20240924_piworm09_5,2.0
2466.0,2024-09-25T03:59:00.002880,-0.47120731337911015,0.5131614880446657,0.7814130962495449,terbinafine,coordinates_highestspeed_20240924_09_5_with_time_speed.csv,2.0,-0.9924463034407757,20240924_piworm09_5,2.0
2467.0,2024-09-25T03:59:02.002954,-0.7538743804726019,0.5131614880446657,0.7814130962495449,terbinafine,coordinates_highestspeed_20240924_09_5_with_time_speed.csv,2.0,0.0,20240924_piworm09_5,2.0
2468.0,2024-09-25T03:59:04.008069,-0.7538743804726019,0.5131614880446657,0.7814130962495449,terbinafine,coordinates_highestspeed_20240924_09_5_with_time_speed.csv,2.0,0.0,20240924_piworm09_5,2.0
2469.0,2024-09-25T03:59:06.002895,-0.7538743804726019,0.5131614880446657,0.7814130962495449,terbinafine,coordinates_highestspeed_20240924_09_5_with_time_speed.csv,2.0,0.0,20240924_piworm09_5,2.0
2470.0,2024-09-25T03:59:08.002991,-0.7538743804726019,0.5131614880446657,0.7814130962495449,terbinafine,coordinates_highestspeed_20240924_09_5_with_time_speed.csv,2.0,-0.3801594044930738,20240924_piworm09_5,2.0
2471.0,2024-09-25T03:59:10.003380,-0.6915596587609295,0.5131921927649565,0.7813354313688092,terbinafine,coordinates_highestspeed_20240924_09_5_with_time_speed.csv,2.0,-0.7137402418490337,20240924_piworm09_5,2.0
2472.0,2024-09-25T03:59:12.002868,-0.39936298766479517,0.5127376000370435,0.7814735639812621,terbinafine,coordinates_highestspeed_20240924_09_5_with_time_speed.csv,2.0,0.053446513262246795,20240924_piworm09_5,2.0
2473.0,2024-09-25T03:59:14.002938,-0.44422763160246764,0.5123259584207513,0.7815261618666157,terbinafine,coordinates_highestspeed_20240924_09_5_with_time_speed.csv,2.0,-0.6868178805845874,20240924_piworm09_5,2.0
2474.0,2024-09-25T03:59:16.003373,-0.6117303744690064,0.5124507094730959,0.7816701338218399,terbinafine,coordinates_highestspeed_20240924_09_5_with_time_speed.csv,2.0,-0.2727289863355519,20240924_piworm09_5,2.0
2475.0,2024-09-25T03:59:18.002914,-0.7538743804726019,0.5124507094730959,0.7816701338218399,terbinafine,coordinates_highestspeed_20240924_09_5_with_time_speed.csv,2.0,0.009469321975864756,20240924_piworm09_5,2.0
2476.0,2024-09-25T03:59:20.002941,-0.47388910462468786,0.5128257795403733,0.7816812949810793,terbinafine,coordinates_highestspeed_20240924_09_5_with_time_speed.csv,2.0,-0.009469321975864756,20240924_piworm09_5,2.0
2477.0,2024-09-25T03:59:22.003592,-0.7538743804726019,0.5128257795403733,0.7816812949810793,terbinafine,coordinates_highestspeed_20240924_09_5_with_time_speed.csv,2.0,0.0,20240924_piworm09_5,2.0
2478.0,2024-09-25T03:59:24.002876,-0.7538743804726019,0.5128257795403733,0.7816812949810793,terbinafine,coordinates_highestspeed_20240924_09_5_with_time_speed.csv,2.0,0.0,20240924_piworm09_5,2.0
2479.0,2024-09-25T03:59:26.002927,-0.7538743804726019,0.5128257795403733,0.7816812949810793,terbinafine,coordinates_highestspeed_20240924_09_5_with_time_speed.csv,2.0,0.0,20240924_piworm09_5,2.0
2480.0,2024-09-25T03:59:28.003599,-0.7538743804726019,0.5128257795403733,0.7816812949810793,terbinafine,coordinates_highestspeed_20240924_09_5_with_time_speed.csv,2.0,0.0,20240924_piworm09_5,2.0
2481.0,2024-09-25T03:59:30.002868,-0.7538743804726019,0.5128257795403733,0.7816812949810793,terbinafine,coordinates_highestspeed_20240924_09_5_with_time_speed.csv,2.0,0.91610284885497,20240924_piworm09_5,2.0
2482.0,2024-09-25T03:59:32.002957,-0.6746838802295395,0.5127233136245153,0.7817089452603472,terbinafine,coordinates_highestspeed_20240924_09_5_with_time_speed.csv,2.0,-0.8976044951110923,20240924_piworm09_5,2.0
2483.0,2024-09-25T03:59:34.003360,-0.500149181734243,0.5130627819340976,0.781728695459824,terbinafine,coordinates_highestspeed_20240924_09_5_with_time_speed.csv,2.0,0.768810700109703,20240924_piworm09_5,2.0
2484.0,2024-09-25T03:59:36.002910,-0.6547021611013892,0.5129584544098013,0.781811042173879,terbinafine,coordinates_highestspeed_20240924_09_5_with_time_speed.csv,2.0,0.3294877138840905,20240924_piworm09_5,2.0
2485.0,2024-09-25T03:59:38.002937,-0.0676254907370763,0.5120999656228264,0.7814810965518895,terbinafine,coordinates_highestspeed_20240924_09_5_with_time_speed.csv,2.0,-0.26058349366440875,20240924_piworm09_5,2.0
2486.0,2024-09-25T03:59:40.003435,-0.5982879723837086,0.5119123634825731,0.7815721168597467,terbinafine,coordinates_highestspeed_20240924_09_5_with_time_speed.csv,2.0,-0.8562132740732619,20240924_piworm09_5,2.0
2487.0,2024-09-25T03:59:42.002873,-0.7538743804726019,0.5119123634825731,0.7815721168597467,terbinafine,coordinates_highestspeed_20240924_09_5_with_time_speed.csv,2.0,0.0,20240924_piworm09_5,2.0
2488.0,2024-09-25T03:59:44.002958,-0.7538743804726019,0.5119123634825731,0.7815721168597467,terbinafine,coordinates_highestspeed_20240924_09_5_with_time_speed.csv,2.0,0.0,20240924_piworm09_5,2.0
2489.0,2024-09-25T03:59:46.003355,-0.7538743804726019,0.5119123634825731,0.7815721168597467,terbinafine,coordinates_highestspeed_20240924_09_5_with_time_speed.csv,2.0,0.0,20240924_piworm09_5,2.0
2490.0,2024-09-25T03:59:48.002899,-0.7538743804726019,0.5119123634825731,0.7815721168597467,terbinafine,coordinates_highestspeed_20240924_09_5_with_time_speed.csv,2.0,-0.13013397179822378,20240924_piworm09_5,2.0
2491.0,2024-09-25T03:59:50.002952,-0.15422872449401123,0.5126497777627554,0.7812526406516707,terbinafine,coordinates_highestspeed_20240924_09_5_with_time_speed.csv,2.0,0.8621497227025028,20240924_piworm09_5,2.0
2492.0,2024-09-25T03:59:52.003341,0.17716859832917717,0.5118186932681731,0.7821833723791051,terbinafine,coordinates_highestspeed_20240924_09_5_with_time_speed.csv,2.0,-0.8768285847292558,20240924_piworm09_5,2.0
2493.0,2024-09-25T03:59:54.002921,0.21746992947456054,0.5129880776708126,0.7816113492453877,terbinafine,coordinates_highestspeed_20240924_09_5_with_time_speed.csv,2.0,0.1287495376294843,20240924_piworm09_5,2.0
2494.0,2024-09-25T03:59:56.002963,-0.289937165288801,0.513609054496905,0.7815799854351256,terbinafine,coordinates_highestspeed_20240924_09_5_with_time_speed.csv,2.0,0.9933654251958747,20240924_piworm09_5,2.0
2495.0,2024-09-25T03:59:58.003378,-0.6744288968925409,0.513502852287899,0.7815875713071975,terbinafine,coordinates_highestspeed_20240924_09_5_with_time_speed.csv,2.0,0.8686260020485261,20240924_piworm09_5,2.0
2496.0,2024-09-25T04:00:00.002905,-0.7005477721480816,0.5135661107465321,0.7815543134725774,terbinafine,coordinates_highestspeed_20240924_09_5_with_time_speed.csv,2.0,-0.8585763828788082,20240924_piworm09_5,2.0
2497.0,2024-09-25T04:00:02.002946,0.5351554371820053,0.5118399174359268,0.7816229410174711,terbinafine,coordinates_highestspeed_20240924_09_5_with_time_speed.csv,2.0,-0.004385640731047666,20240924_piworm09_5,2.0
2498.0,2024-09-25T04:00:04.003533,-0.6530960506609339,0.5117050477240876,0.7816301652721227,terbinafine,coordinates_highestspeed_20240924_09_5_with_time_speed.csv,2.0,-0.0828229448087545,20240924_piworm09_5,2.0
2499.0,2024-09-25T04:00:06.002881,-0.5942304155462734,0.5115015349553119,0.7816961893990289,terbinafine,coordinates_highestspeed_20240924_09_5_with_time_speed.csv,2.0,-0.5960624798908485,20240924_piworm09_5,2.0
2500.0,2024-09-25T04:00:08.002980,-0.7067945958576423,0.5115379645979585,0.7817477066195787,terbinafine,coordinates_highestspeed_20240924_09_5_with_time_speed.csv,2.0,-0.30408068273944916,20240924_piworm09_5,2.0
2501.0,2024-09-25T04:00:10.002277,-0.7538743804726019,0.5115379645979585,0.7817477066195787,terbinafine,coordinates_highestspeed_20240924_09_5_with_time_speed.csv,2.0,-0.07024967799286413,20240924_piworm09_5,2.0
2502.0,2024-09-25T04:00:12.002914,-0.7232054732056757,0.5115780701232217,0.7817387089367565,terbinafine,coordinates_highestspeed_20240924_09_5_with_time_speed.csv,2.0,0.18044027544467822,20240924_piworm09_5,2.0
2503.0,2024-09-25T04:00:14.002951,-0.5558361151777608,0.5118277361268017,0.7818287631371743,terbinafine,coordinates_highestspeed_20240924_09_5_with_time_speed.csv,2.0,-0.11019059745181409,20240924_piworm09_5,2.0
2504.0,2024-09-25T04:00:16.003438,-0.7538743804726019,0.5118277361268017,0.7818287631371743,terbinafine,coordinates_highestspeed_20240924_09_5_with_time_speed.csv,2.0,-0.04540067074775392,20240924_piworm09_5,2.0
2505.0,2024-09-25T04:00:18.002893,-0.2337519705073322,0.5125177254973504,0.7817296768361957,terbinafine,coordinates_highestspeed_20240924_09_5_with_time_speed.csv,2.0,0.8737616745397522,20240924_piworm09_5,2.0
2506.0,2024-09-25T04:00:20.002997,0.13632911245699877,0.5114939577556401,0.7823422683235768,terbinafine,coordinates_highestspeed_20240924_09_5_with_time_speed.csv,2.0,0.11027607151456022,20240924_piworm09_5,2.0
2507.0,2024-09-25T04:00:22.003657,-0.17582710553347838,0.5107336097252477,0.7824906893401729,terbinafine,coordinates_highestspeed_20240924_09_5_with_time_speed.csv,2.0,0.048553559832511146,20240924_piworm09_5,2.0
2508.0,2024-09-25T04:00:24.002914,-0.3954746996577404,0.5102536715620828,0.7825100133511349,terbinafine,coordinates_highestspeed_20240924_09_5_with_time_speed.csv,2.0,0.1603129448248285,20240924_piworm09_5,2.0
2509.0,2024-09-25T04:00:26.019899,-0.27500436317914106,0.5096795727636849,0.782223144372677,terbinafine,coordinates_highestspeed_20240924_09_5_with_time_speed.csv,2.0,0.8812630998468148,20240924_piworm09_5,2.0
2510.0,2024-09-25T04:00:28.003521,-0.6357849233952344,0.5098371903278445,0.782237427681353,terbinafine,coordinates_highestspeed_20240924_09_5_with_time_speed.csv,2.0,0.005203691219470058,20240924_piworm09_5,2.0
2511.0,2024-09-25T04:00:30.002922,-0.04311354844706636,0.5107843321611915,0.7823388931721168,terbinafine,coordinates_highestspeed_20240924_09_5_with_time_speed.csv,2.0,-0.15454103868511102,20240924_piworm09_5,2.0
2512.0,2024-09-25T04:00:32.002991,-0.1606705033077692,0.5115229892580085,0.7820449051894902,terbinafine,coordinates_highestspeed_20240924_09_5_with_time_speed.csv,2.0,0.020733404984035423,20240924_piworm09_5,2.0
2513.0,2024-09-25T04:00:34.003367,1.8119289511013439,0.5147939187734183,0.7809839642821254,terbinafine,coordinates_highestspeed_20240924_09_5_with_time_speed.csv,2.0,0.15162769267018816,20240924_piworm09_5,2.0
2514.0,2024-09-25T04:00:36.002917,-0.3619042269497917,0.5153122989547376,0.7810690592638198,terbinafine,coordinates_highestspeed_20240924_09_5_with_time_speed.csv,2.0,0.6316990632713271,20240924_piworm09_5,2.0
2515.0,2024-09-25T04:00:38.002952,-0.04325027335894543,0.5147932049362318,0.7818675360886338,terbinafine,coordinates_highestspeed_20240924_09_5_with_time_speed.csv,2.0,-0.8302750247387078,20240924_piworm09_5,2.0
2516.0,2024-09-25T04:00:40.003513,0.17671081790759077,0.5159101023587005,0.7813125834445928,terbinafine,coordinates_highestspeed_20240924_09_5_with_time_speed.csv,2.0,0.14911546087002464,20240924_piworm09_5,2.0
2517.0,2024-09-25T04:00:42.002873,-0.3150579907523982,0.5164981880602707,0.7813168881259668,terbinafine,coordinates_highestspeed_20240924_09_5_with_time_speed.csv,2.0,0.7077063480686062,20240924_piworm09_5,2.0
2518.0,2024-09-25T04:00:44.002992,-0.04516741981716893,0.5159159581195981,0.7820673178272785,terbinafine,coordinates_highestspeed_20240924_09_5_with_time_speed.csv,2.0,0.3408971673545615,20240924_piworm09_5,2.0
2519.0,2024-09-25T04:00:46.003523,0.7070852698775426,0.5139829933672705,0.7817553529483161,terbinafine,coordinates_highestspeed_20240924_09_5_with_time_speed.csv,2.0,-0.2693922411470785,20240924_piworm09_5,2.0
2520.0,2024-09-25T04:00:48.002910,0.5407801112340849,0.5126407402383213,0.7828548581709659,terbinafine,coordinates_highestspeed_20240924_09_5_with_time_speed.csv,2.0,0.285035186008819,20240924_piworm09_5,2.0
2521.0,2024-09-25T04:00:50.002950,3.516629419412172,0.5070421448250848,0.7816664994559219,terbinafine,coordinates_highestspeed_20240924_09_5_with_time_speed.csv,2.0,-0.29923122045280587,20240924_piworm09_5,2.0
2522.0,2024-09-25T04:00:52.003539,-0.5295918461186324,0.5068183396744793,0.7818671523495682,terbinafine,coordinates_highestspeed_20240924_09_5_with_time_speed.csv,2.0,-0.10684913346128266,20240924_piworm09_5,2.0
2523.0,2024-09-25T04:00:54.002866,-0.7323360910477488,0.5068043941629775,0.7818924257684711,terbinafine,coordinates_highestspeed_20240924_09_5_with_time_speed.csv,2.0,-0.6604960357727596,20240924_piworm09_5,2.0
2524.0,2024-09-25T04:00:56.003028,-0.7538743804726019,0.5068043941629775,0.7818924257684711,terbinafine,coordinates_highestspeed_20240924_09_5_with_time_speed.csv,2.0,0.11087318959096877,20240924_piworm09_5,2.0
2525.0,2024-09-25T04:00:58.003361,-0.6164124632056522,0.5069775573780915,0.7819553054866807,terbinafine,coordinates_highestspeed_20240924_09_5_with_time_speed.csv,2.0,-0.19807281323905618,20240924_piworm09_5,2.0
2526.0,2024-09-25T04:01:00.002941,-0.5667982866196977,0.5072189275623312,0.7818874778774801,terbinafine,coordinates_highestspeed_20240924_09_5_with_time_speed.csv,2.0,0.08719962364808743,20240924_piworm09_5,2.0
2527.0,2024-09-25T04:01:02.002969,-0.7538743804726019,0.5072189275623312,0.7818874778774801,terbinafine,coordinates_highestspeed_20240924_09_5_with_time_speed.csv,2.0,0.11260540297131924,20240924_piworm09_5,2.0
2528.0,2024-09-25T04:01:04.003527,-0.34717971403856945,0.5077302280753035,0.7820762989706196,terbinafine,coordinates_highestspeed_20240924_09_5_with_time_speed.csv,2.0,-0.23621108995588647,20240924_piworm09_5,2.0
2529.0,2024-09-25T04:01:06.002916,-0.47364331205795784,0.508077831586099,0.781934097534385,terbinafine,coordinates_highestspeed_20240924_09_5_with_time_speed.csv,2.0,0.42631815575955434,20240924_piworm09_5,2.0
2530.0,2024-09-25T04:01:08.002997,-0.02394747837689924,0.5086460662409317,0.7827303875046246,terbinafine,coordinates_highestspeed_20240924_09_5_with_time_speed.csv,2.0,0.3063866037301476,20240924_piworm09_5,2.0
2531.0,2024-09-25T04:01:10.003357,-0.7365521069328098,0.5086382641925762,0.7827522525043372,terbinafine,coordinates_highestspeed_20240924_09_5_with_time_speed.csv,2.0,-0.9348045995045692,20240924_piworm09_5,2.0
2532.0,2024-09-25T04:01:12.003056,-0.46741572579545254,0.5088381314806968,0.7824244701518192,terbinafine,coordinates_highestspeed_20240924_09_5_with_time_speed.csv,2.0,0.2763753165964007,20240924_piworm09_5,2.0
2533.0,2024-09-25T04:01:14.002937,1.4063191909174222,0.5116985248624182,0.7819775961444528,terbinafine,coordinates_highestspeed_20240924_09_5_with_time_speed.csv,2.0,-0.9344315350537103,20240924_piworm09_5,2.0
2534.0,2024-09-25T04:01:16.003346,-0.39079181166930116,0.5112125548635705,0.7819527833518544,terbinafine,coordinates_highestspeed_20240924_09_5_with_time_speed.csv,2.0,-0.09208147848023884,20240924_piworm09_5,2.0
2535.0,2024-09-25T04:01:18.002881,0.015990267173313658,0.5102099322614201,0.7821963026366443,terbinafine,coordinates_highestspeed_20240924_09_5_with_time_speed.csv,2.0,0.22633643338918208,20240924_piworm09_5,2.0
2536.0,2024-09-25T04:01:20.002989,0.7904960837603728,0.5083672168952542,0.7812537929360359,terbinafine,coordinates_highestspeed_20240924_09_5_with_time_speed.csv,2.0,-0.3135139508849524,20240924_piworm09_5,2.0
2537.0,2024-09-25T04:01:22.003553,0.8308706526048654,0.5065158452578898,0.7822945931999312,terbinafine,coordinates_highestspeed_20240924_09_5_with_time_speed.csv,2.0,0.5394849760185726,20240924_piworm09_5,2.0
2538.0,2024-09-25T04:01:24.002933,-0.3009976862891685,0.5062861593235425,0.781732786572573,terbinafine,coordinates_highestspeed_20240924_09_5_with_time_speed.csv,2.0,-0.6130830820050974,20240924_piworm09_5,2.0
2539.0,2024-09-25T04:01:26.002945,-0.13366957551147898,0.5056742323097463,0.7822953126691444,terbinafine,coordinates_highestspeed_20240924_09_5_with_time_speed.csv,2.0,0.4332672631819499,20240924_piworm09_5,2.0
2540.0,2024-09-25T04:01:28.003652,-0.22234626811305946,0.5050935493900544,0.7818826929056094,terbinafine,coordinates_highestspeed_20240924_09_5_with_time_speed.csv,2.0,-0.11469551047012225,20240924_piworm09_5,2.0
2541.0,2024-09-25T04:01:30.002881,0.6008566373335243,0.5033377837116155,0.7814203884749558,terbinafine,coordinates_highestspeed_20240924_09_5_with_time_speed.csv,2.0,0.560311486327664,20240924_piworm09_5,2.0
2542.0,2024-09-25T04:01:32.003002,-0.6012296509816393,0.5034262018231814,0.7812359083634692,terbinafine,coordinates_highestspeed_20240924_09_5_with_time_speed.csv,2.0,-0.5077755475226322,20240924_piworm09_5,2.0
2543.0,2024-09-25T04:01:34.003377,-0.10776020278451935,0.502636426627909,0.7808808368964526,terbinafine,coordinates_highestspeed_20240924_09_5_with_time_speed.csv,2.0,-0.9048617387314446,20240924_piworm09_5,2.0
2544.0,2024-09-25T04:01:36.002924,0.8245705357530217,0.5042248725369844,0.7822779365776292,terbinafine,coordinates_highestspeed_20240924_09_5_with_time_speed.csv,2.0,-0.17996526318453662,20240924_piworm09_5,2.0
2545.0,2024-09-25T04:01:38.002948,0.6121346247115371,0.5060333609369455,0.7825624038802792,terbinafine,coordinates_highestspeed_20240924_09_5_with_time_speed.csv,2.0,0.3840354633424313,20240924_piworm09_5,2.0
2546.0,2024-09-25T04:01:40.003584,-0.3865439696545954,0.5061351643461123,0.7830440587449933,terbinafine,coordinates_highestspeed_20240924_09_5_with_time_speed.csv,2.0,0.191798634070791,20240924_piworm09_5,2.0
2547.0,2024-09-25T04:01:42.002920,-0.5068784345486828,0.5060080106809078,0.7833496871330449,terbinafine,coordinates_highestspeed_20240924_09_5_with_time_speed.csv,2.0,-0.18816600956165355,20240924_piworm09_5,2.0
2548.0,2024-09-25T04:01:44.003051,-0.316464531061334,0.5061226830047425,0.7839245783744379,terbinafine,coordinates_highestspeed_20240924_09_5_with_time_speed.csv,2.0,0.9498877858879439,20240924_piworm09_5,2.0
2549.0,2024-09-25T04:01:46.003384,-0.18463559043038003,0.505857997929824,0.7832090727711856,terbinafine,coordinates_highestspeed_20240924_09_5_with_time_speed.csv,2.0,0.7458577074055788,20240924_piworm09_5,2.0
2550.0,2024-09-25T04:01:48.002987,-0.2192854701700907,0.5065127487055912,0.7834999511543848,terbinafine,coordinates_highestspeed_20240924_09_5_with_time_speed.csv,2.0,0.42314134331119635,20240924_piworm09_5,2.0
2551.0,2024-09-25T04:01:50.002917,-0.03720868412874124,0.5063439995048585,0.784445485813314,terbinafine,coordinates_highestspeed_20240924_09_5_with_time_speed.csv,2.0,0.04236474239022143,20240924_piworm09_5,2.0
2552.0,2024-09-25T04:01:52.003375,-0.5807008817628668,0.5062732650156058,0.784666531092229,terbinafine,coordinates_highestspeed_20240924_09_5_with_time_speed.csv,2.0,-0.7360852759589122,20240924_piworm09_5,2.0
2553.0,2024-09-25T04:01:54.002898,-0.16644226916588822,0.5069882205810279,0.7843369218029101,terbinafine,coordinates_highestspeed_20240924_09_5_with_time_speed.csv,2.0,0.016384825340068385,20240924_piworm09_5,2.0
2554.0,2024-09-25T04:01:56.003008,-0.4482885667124648,0.5073684744215917,0.7841848202666848,terbinafine,coordinates_highestspeed_20240924_09_5_with_time_speed.csv,2.0,0.06943959142979551,20240924_piworm09_5,2.0
2555.0,2024-09-25T04:01:58.003349,0.09222728097490984,0.5084875071523935,0.7840015258439825,terbinafine,coordinates_highestspeed_20240924_09_5_with_time_speed.csv,2.0,0.44314237828227476,20240924_piworm09_5,2.0
2556.0,2024-09-25T04:02:00.002933,-0.5666232926681534,0.5085714285714286,0.7842380316612626,terbinafine,coordinates_highestspeed_20240924_09_5_with_time_speed.csv,2.0,-0.18073954906396336,20240924_piworm09_5,2.0
2557.0,2024-09-25T04:02:02.002956,0.281787021708995,0.5096662216288385,0.7850912327547841,terbinafine,coordinates_highestspeed_20240924_09_5_with_time_speed.csv,2.0,0.7275304703356503,20240924_piworm09_5,2.0
2558.0,2024-09-25T04:02:04.003645,-0.6075676319704496,0.509473818973243,0.7851290304881394,terbinafine,coordinates_highestspeed_20240924_09_5_with_time_speed.csv,2.0,-0.33230806578491895,20240924_piworm09_5,2.0
2559.0,2024-09-25T04:02:06.002859,-0.69441343891693,0.5094477822281561,0.7852043465361223,terbinafine,coordinates_highestspeed_20240924_09_5_with_time_speed.csv,2.0,-0.6705447592480228,20240924_piworm09_5,2.0
2560.0,2024-09-25T04:02:08.003000,0.28189992537994796,0.5108074382400936,0.7849245617250016,terbinafine,coordinates_highestspeed_20240924_09_5_with_time_speed.csv,2.0,-0.9692976754851639,20240924_piworm09_5,2.0
2561.0,2024-09-25T04:02:10.003365,-0.019567057465342968,0.509828894666573,0.7850291616892698,terbinafine,coordinates_highestspeed_20240924_09_5_with_time_speed.csv,2.0,0.19956362093324234,20240924_piworm09_5,2.0
2562.0,2024-09-25T04:02:12.002932,-0.13442781877403687,0.5091086360761717,0.7846163305459912,terbinafine,coordinates_highestspeed_20240924_09_5_with_time_speed.csv,2.0,-0.013675912039366111,20240924_piworm09_5,2.0
2563.0,2024-09-25T04:02:14.002938,1.481714539403771,0.5064476212185353,0.7832394412061611,terbinafine,coordinates_highestspeed_20240924_09_5_with_time_speed.csv,2.0,-0.17492222278274275,20240924_piworm09_5,2.0
2564.0,2024-09-25T04:02:16.003343,-0.25155903287523923,0.5057761646266878,0.7832878968365006,terbinafine,coordinates_highestspeed_20240924_09_5_with_time_speed.csv,2.0,-0.8259976966061056,20240924_piworm09_5,2.0
2565.0,2024-09-25T04:02:18.002932,-0.4185046581520922,0.5061759494840081,0.7834932950432862,terbinafine,coordinates_highestspeed_20240924_09_5_with_time_speed.csv,2.0,-0.08940727710924652,20240924_piworm09_5,2.0
2566.0,2024-09-25T04:02:20.003005,0.09230710102530523,0.507288788151644,0.7837116154873164,terbinafine,coordinates_highestspeed_20240924_09_5_with_time_speed.csv,2.0,-0.7158176375071577,20240924_piworm09_5,2.0
2567.0,2024-09-25T04:02:22.003366,0.028661004777158074,0.5068005111985321,0.7827834617279367,terbinafine,coordinates_highestspeed_20240924_09_5_with_time_speed.csv,2.0,0.8383635028433734,20240924_piworm09_5,2.0
2568.0,2024-09-25T04:02:24.002965,0.286008677618584,0.5079672304690277,0.7835457138117095,terbinafine,coordinates_highestspeed_20240924_09_5_with_time_speed.csv,2.0,-0.5511214959609156,20240924_piworm09_5,2.0
2569.0,2024-09-25T04:02:26.002939,-0.22642758439460137,0.5082542489084546,0.7828997221520586,terbinafine,coordinates_highestspeed_20240924_09_5_with_time_speed.csv,2.0,0.7714155278149086,20240924_piworm09_5,2.0
2570.0,2024-09-25T04:02:28.003580,-0.5039329090635247,0.5083532429203852,0.7832197315719205,terbinafine,coordinates_highestspeed_20240924_09_5_with_time_speed.csv,2.0,0.7206352803458363,20240924_piworm09_5,2.0
2571.0,2024-09-25T04:02:30.002874,-0.6312276864846363,0.5082014114056839,0.7831567631300609,terbinafine,coordinates_highestspeed_20240924_09_5_with_time_speed.csv,2.0,0.08673716266520472,20240924_piworm09_5,2.0
2572.0,2024-09-25T04:02:32.003010,-0.19750880352496833,0.5076149436773981,0.7826962896636633,terbinafine,coordinates_highestspeed_20240924_09_5_with_time_speed.csv,2.0,0.6889552635157354,20240924_piworm09_5,2.0
2573.0,2024-09-25T04:02:34.041294,-0.6705197979592448,0.5077212776958875,0.7826620465051668,terbinafine,coordinates_highestspeed_20240924_09_5_with_time_speed.csv,2.0,0.3199598134029901,20240924_piworm09_5,2.0
2574.0,2024-09-25T04:02:36.002927,-0.1267378420905766,0.5083675508644651,0.783199402137861,terbinafine,coordinates_highestspeed_20240924_09_5_with_time_speed.csv,2.0,-0.24680575511296937,20240924_piworm09_5,2.0
2575.0,2024-09-25T04:02:38.002923,-0.443390371034406,0.5087822724671857,0.783165432698143,terbinafine,coordinates_highestspeed_20240924_09_5_with_time_speed.csv,2.0,-0.7044207265664147,20240924_piworm09_5,2.0
2576.0,2024-09-25T04:02:40.003616,-0.5332683060874679,0.5085864485981308,0.7829439252336448,terbinafine,coordinates_highestspeed_20240924_09_5_with_time_speed.csv,2.0,0.7527360793743187,20240924_piworm09_5,2.0
2577.0,2024-09-25T04:02:42.002877,-0.4258259219796322,0.5090250203734851,0.7829747022003363,terbinafine,coordinates_highestspeed_20240924_09_5_with_time_speed.csv,2.0,0.8952212619861213,20240924_piworm09_5,2.0
2578.0,2024-09-25T04:02:44.003017,0.012497966548997659,0.5080322149963392,0.7832378655411516,terbinafine,coordinates_highestspeed_20240924_09_5_with_time_speed.csv,2.0,0.2852996634134094,20240924_piworm09_5,2.0
2579.0,2024-09-25T04:02:46.003366,0.9712655481668268,0.5061738632876963,0.7818623589216264,terbinafine,coordinates_highestspeed_20240924_09_5_with_time_speed.csv,2.0,0.6715121821368779,20240924_piworm09_5,2.0
2580.0,2024-09-25T04:02:48.002923,-0.6847915412381802,0.5062593261603707,0.7818267493913453,terbinafine,coordinates_highestspeed_20240924_09_5_with_time_speed.csv,2.0,0.909411359894129,20240924_piworm09_5,2.0
2581.0,2024-09-25T04:02:50.002948,-0.17917196710629762,0.5056601289982888,0.7823106865492017,terbinafine,coordinates_highestspeed_20240924_09_5_with_time_speed.csv,2.0,0.2116366103385762,20240924_piworm09_5,2.0
2582.0,2024-09-25T04:02:52.003617,-0.466629450608762,0.5052752040314403,0.7823162713191523,terbinafine,coordinates_highestspeed_20240924_09_5_with_time_speed.csv,2.0,-0.9935209160735134,20240924_piworm09_5,2.0
2583.0,2024-09-25T04:02:54.002914,-0.11775929165383213,0.5061277105105658,0.7823212559274435,terbinafine,coordinates_highestspeed_20240924_09_5_with_time_speed.csv,2.0,0.0321758114699517,20240924_piworm09_5,2.0
2584.0,2024-09-25T04:02:56.003003,0.3657675052001398,0.5076196833873736,0.7824814037764638,terbinafine,coordinates_highestspeed_20240924_09_5_with_time_speed.csv,2.0,-0.9128621246050556,20240924_piworm09_5,2.0
2585.0,2024-09-25T04:02:58.003360,-0.08977349696936657,0.5067933715542291,0.7821507107515904,terbinafine,coordinates_highestspeed_20240924_09_5_with_time_speed.csv,2.0,-0.08730892717611449,20240924_piworm09_5,2.0
2586.0,2024-09-25T04:03:00.002935,0.0048948659758856474,0.5057822194298279,0.7820427236315087,terbinafine,coordinates_highestspeed_20240924_09_5_with_time_speed.csv,2.0,0.01049371029009523,20240924_piworm09_5,2.0
2587.0,2024-09-25T04:03:02.002951,-0.17307338093731164,0.5050113766712424,0.7819345982436676,terbinafine,coordinates_highestspeed_20240924_09_5_with_time_speed.csv,2.0,-0.6457254662466679,20240924_piworm09_5,2.0
2588.0,2024-09-25T04:03:04.003366,-0.632503005249492,0.5050623052959502,0.7820890817386144,terbinafine,coordinates_highestspeed_20240924_09_5_with_time_speed.csv,2.0,-0.4038058526021754,20240924_piworm09_5,2.0
2589.0,2024-09-25T04:03:06.002881,0.2956703556377105,0.5064687188551872,0.7820662291506046,terbinafine,coordinates_highestspeed_20240924_09_5_with_time_speed.csv,2.0,-0.14590065664826804,20240924_piworm09_5,2.0
2590.0,2024-09-25T04:03:08.002997,-0.46333935704480733,0.5068150568917761,0.7818882888627622,terbinafine,coordinates_highestspeed_20240924_09_5_with_time_speed.csv,2.0,0.24470109528873077,20240924_piworm09_5,2.0
2591.0,2024-09-25T04:03:10.003389,0.22894887568070538,0.5080756643075723,0.7822701655304417,terbinafine,coordinates_highestspeed_20240924_09_5_with_time_speed.csv,2.0,0.8737278647367975,20240924_piworm09_5,2.0
2592.0,2024-09-25T04:03:12.002948,0.7814217079581833,0.5060288718291055,0.7824808077436582,terbinafine,coordinates_highestspeed_20240924_09_5_with_time_speed.csv,2.0,0.14953518823719358,20240924_piworm09_5,2.0
2593.0,2024-09-25T04:03:14.002947,1.0568935361221234,0.5037638837599069,0.7816095219157458,terbinafine,coordinates_highestspeed_20240924_09_5_with_time_speed.csv,2.0,-0.13449372024942693,20240924_piworm09_5,2.0
2594.0,2024-09-25T04:03:16.003577,-0.3059734112706285,0.5031645247097912,0.7816426991714144,terbinafine,coordinates_highestspeed_20240924_09_5_with_time_speed.csv,2.0,0.19475108620593123,20240924_piworm09_5,2.0
2595.0,2024-09-25T04:03:18.002886,-0.4598593263270348,0.5028299491346335,0.7814345507711713,terbinafine,coordinates_highestspeed_20240924_09_5_with_time_speed.csv,2.0,0.02976706138653614,20240924_piworm09_5,2.0
2596.0,2024-09-25T04:03:20.006454,1.2151063204540067,0.5007292960942143,0.7798374711561465,terbinafine,coordinates_highestspeed_20240924_09_5_with_time_speed.csv,2.0,-0.9719279750000975,20240924_piworm09_5,2.0
2597.0,2024-09-25T04:03:22.003380,-0.40590923372997023,0.5010742292405199,0.7801513128615933,terbinafine,coordinates_highestspeed_20240924_09_5_with_time_speed.csv,2.0,0.9428194516207419,20240924_piworm09_5,2.0
2598.0,2024-09-25T04:03:24.002944,-0.42979919887260065,0.5007059220723417,0.7799211208814818,terbinafine,coordinates_highestspeed_20240924_09_5_with_time_speed.csv,2.0,-0.9987092708835466,20240924_piworm09_5,2.0
2599.0,2024-09-25T04:03:26.002943,-0.465234420981817,0.5010331235297857,0.7801274715493673,terbinafine,coordinates_highestspeed_20240924_09_5_with_time_speed.csv,2.0,-0.023950236168981794,20240924_piworm09_5,2.0
2600.0,2024-09-25T04:03:28.003508,1.3197143348819351,0.5034885223308497,0.7814290021103406,terbinafine,coordinates_highestspeed_20240924_09_5_with_time_speed.csv,2.0,0.21391161955088422,20240924_piworm09_5,2.0
2601.0,2024-09-25T04:03:30.002920,-0.08605571617306573,0.5038463983724332,0.7822493483374658,terbinafine,coordinates_highestspeed_20240924_09_5_with_time_speed.csv,2.0,-0.13589310825066037,20240924_piworm09_5,2.0
2602.0,2024-09-25T04:03:32.002953,0.26699783480953665,0.5048636276940683,0.7831643018849148,terbinafine,coordinates_highestspeed_20240924_09_5_with_time_speed.csv,2.0,-0.006714118838303506,20240924_piworm09_5,2.0
2603.0,2024-09-25T04:03:34.003380,-0.49458495755204906,0.5051268357810413,0.7833911882510013,terbinafine,coordinates_highestspeed_20240924_09_5_with_time_speed.csv,2.0,-0.05563143429696224,20240924_piworm09_5,2.0
2604.0,2024-09-25T04:03:36.002925,-0.19822940286901566,0.505766828890133,0.7837719109350101,terbinafine,coordinates_highestspeed_20240924_09_5_with_time_speed.csv,2.0,-0.36296147112333726,20240924_piworm09_5,2.0
2605.0,2024-09-25T04:03:38.002922,-0.17142806211788067,0.5064094783720952,0.7833288207119983,terbinafine,coordinates_highestspeed_20240924_09_5_with_time_speed.csv,2.0,0.3431962381694394,20240924_piworm09_5,2.0
2606.0,2024-09-25T04:03:40.003579,0.2594488724203506,0.5076174625528102,0.7839493754229384,terbinafine,coordinates_highestspeed_20240924_09_5_with_time_speed.csv,2.0,0.8931656503312763,20240924_piworm09_5,2.0
2607.0,2024-09-25T04:03:42.002882,-0.5471832882798128,0.507343124165554,0.7839110155532051,terbinafine,coordinates_highestspeed_20240924_09_5_with_time_speed.csv,2.0,0.15800447804892667,20240924_piworm09_5,2.0
2608.0,2024-09-25T04:03:44.003007,0.6730236574932555,0.5058039168998155,0.7827761856573096,terbinafine,coordinates_highestspeed_20240924_09_5_with_time_speed.csv,2.0,-0.0822021094519536,20240924_piworm09_5,2.0
2609.0,2024-09-25T04:03:46.003381,0.3744088895878431,0.5043980208905994,0.782219429828006,terbinafine,coordinates_highestspeed_20240924_09_5_with_time_speed.csv,2.0,0.8838650094668092,20240924_piworm09_5,2.0
2610.0,2024-09-25T04:03:48.002949,-0.3827114406250438,0.5048954161103694,0.7822255070252401,terbinafine,coordinates_highestspeed_20240924_09_5_with_time_speed.csv,2.0,0.21342723476026823,20240924_piworm09_5,2.0
2611.0,2024-09-25T04:03:50.002949,1.0965972613482802,0.5068195502500066,0.7837901515746485,terbinafine,coordinates_highestspeed_20240924_09_5_with_time_speed.csv,2.0,-0.450076151711933,20240924_piworm09_5,2.0
2612.0,2024-09-25T04:03:52.003416,-0.540054998112997,0.5070328513134884,0.7835987889956562,terbinafine,coordinates_highestspeed_20240924_09_5_with_time_speed.csv,2.0,-0.9961820921172473,20240924_piworm09_5,2.0
2613.0,2024-09-25T04:03:54.002881,-0.6043328434752817,0.5068820777823669,0.7837308257532826,terbinafine,coordinates_highestspeed_20240924_09_5_with_time_speed.csv,2.0,0.21670542157170347,20240924_piworm09_5,2.0
2614.0,2024-09-25T04:03:56.003008,-0.5673960803105228,0.5066323443248072,0.7837404308862655,terbinafine,coordinates_highestspeed_20240924_09_5_with_time_speed.csv,2.0,0.7330774310064054,20240924_piworm09_5,2.0
2615.0,2024-09-25T04:03:58.003555,-0.6695717928120184,0.5067045916294189,0.7836535670749404,terbinafine,coordinates_highestspeed_20240924_09_5_with_time_speed.csv,2.0,-0.6292658026747351,20240924_piworm09_5,2.0
2616.0,2024-09-25T04:04:00.002927,-0.5633466698280188,0.506459740807292,0.7835811156730276,terbinafine,coordinates_highestspeed_20240924_09_5_with_time_speed.csv,2.0,0.9053257114041151,20240924_piworm09_5,2.0
2617.0,2024-09-25T04:04:02.002962,-0.06496102380521283,0.5073829782994241,0.7835721260187714,terbinafine,coordinates_highestspeed_20240924_09_5_with_time_speed.csv,2.0,0.13796163073458115,20240924_piworm09_5,2.0
2618.0,2024-09-25T04:04:04.003362,-0.18464671411733358,0.5080784040556491,0.7838857607244443,terbinafine,coordinates_highestspeed_20240924_09_5_with_time_speed.csv,2.0,-0.315599727670907,20240924_piworm09_5,2.0
2619.0,2024-09-25T04:04:06.002933,-0.6055405051416299,0.5082460066659623,0.7837788514181979,terbinafine,coordinates_highestspeed_20240924_09_5_with_time_speed.csv,2.0,0.18073741365477616,20240924_piworm09_5,2.0
2620.0,2024-09-25T04:04:08.002999,-0.7538743804726019,0.5082460066659623,0.7837788514181979,terbinafine,coordinates_highestspeed_20240924_09_5_with_time_speed.csv,2.0,0.044598887531013195,20240924_piworm09_5,2.0
2621.0,2024-09-25T04:04:10.003662,-0.36485144974295547,0.5087622657716115,0.7838516623563353,terbinafine,coordinates_highestspeed_20240924_09_5_with_time_speed.csv,2.0,-0.002406424372465671,20240924_piworm09_5,2.0
2622.0,2024-09-25T04:04:12.002933,-0.6484525697567745,0.5089023126406303,0.7838703352722044,terbinafine,coordinates_highestspeed_20240924_09_5_with_time_speed.csv,2.0,-0.04219246315854752,20240924_piworm09_5,2.0
2623.0,2024-09-25T04:04:14.002944,-0.7538743804726019,0.5089023126406303,0.7838703352722044,terbinafine,coordinates_highestspeed_20240924_09_5_with_time_speed.csv,2.0,-0.4410278283955025,20240924_piworm09_5,2.0
2624.0,2024-09-25T04:04:16.003553,-0.5348428813013527,0.5089563862928349,0.7835818127874203,terbinafine,coordinates_highestspeed_20240924_09_5_with_time_speed.csv,2.0,0.9470029065942147,20240924_piworm09_5,2.0
2625.0,2024-09-25T04:04:18.002874,-0.6776188113281003,0.5089544680263339,0.783683992449703,terbinafine,coordinates_highestspeed_20240924_09_5_with_time_speed.csv,2.0,-0.43992805662398593,20240924_piworm09_5,2.0
2626.0,2024-09-25T04:04:20.003005,0.6022227036779223,0.5107329252856623,0.7840583982106012,terbinafine,coordinates_highestspeed_20240924_09_5_with_time_speed.csv,2.0,0.6767016027783386,20240924_piworm09_5,2.0
2627.0,2024-09-25T04:04:22.003385,-0.6752974588192602,0.510660176301321,0.7841345396346266,terbinafine,coordinates_highestspeed_20240924_09_5_with_time_speed.csv,2.0,0.15219799830353123,20240924_piworm09_5,2.0
2628.0,2024-09-25T04:04:24.002937,-0.35920198904897077,0.5101597829363883,0.7843059563288687,terbinafine,coordinates_highestspeed_20240924_09_5_with_time_speed.csv,2.0,0.12069883274188342,20240924_piworm09_5,2.0
2629.0,2024-09-25T04:04:26.002948,0.7242271230366448,0.5081812246011713,0.7842086285363452,terbinafine,coordinates_highestspeed_20240924_09_5_with_time_speed.csv,2.0,-0.010789316917863202,20240924_piworm09_5,2.0
2630.0,2024-09-25T04:04:28.003413,-0.5030033516738295,0.5078450465282031,0.7842034994027124,terbinafine,coordinates_highestspeed_20240924_09_5_with_time_speed.csv,2.0,-0.004856138480616037,20240924_piworm09_5,2.0
2631.0,2024-09-25T04:04:30.002880,-0.6115593639254792,0.5076543160303965,0.7842034994027124,terbinafine,coordinates_highestspeed_20240924_09_5_with_time_speed.csv,2.0,0.011455143699528323,20240924_piworm09_5,2.0
2632.0,2024-09-25T04:04:32.003093,-0.6777486031905351,0.5075523583683719,0.7841998286272245,terbinafine,coordinates_highestspeed_20240924_09_5_with_time_speed.csv,2.0,0.9885448563004716,20240924_piworm09_5,2.0
2633.0,2024-09-25T04:04:34.003365,-0.7538743804726019,0.5075523583683719,0.7841998286272245,terbinafine,coordinates_highestspeed_20240924_09_5_with_time_speed.csv,2.0,0.0,20240924_piworm09_5,2.0
2634.0,2024-09-25T04:04:36.002941,-0.7538743804726019,0.5075523583683719,0.7841998286272245,terbinafine,coordinates_highestspeed_20240924_09_5_with_time_speed.csv,2.0,0.0,20240924_piworm09_5,2.0
2635.0,2024-09-25T04:04:38.002959,-0.7538743804726019,0.5075523583683719,0.7841998286272245,terbinafine,coordinates_highestspeed_20240924_09_5_with_time_speed.csv,2.0,0.9152787130482822,20240924_piworm09_5,2.0
2636.0,2024-09-25T04:04:40.003349,-0.646811867532907,0.5074139256382247,0.7842375692842982,terbinafine,coordinates_highestspeed_20240924_09_5_with_time_speed.csv,2.0,0.41076446378763465,20240924_piworm09_5,2.0
2637.0,2024-09-25T04:04:42.002920,-0.4194577267857546,0.5071810032424184,0.7838546633606714,terbinafine,coordinates_highestspeed_20240924_09_5_with_time_speed.csv,2.0,-0.26321021864684274,20240924_piworm09_5,2.0
2638.0,2024-09-25T04:04:44.003011,-0.6087409711823257,0.5069902727446118,0.78381651726111,terbinafine,coordinates_highestspeed_20240924_09_5_with_time_speed.csv,2.0,-0.936553984124102,20240924_piworm09_5,2.0
2639.0,2024-09-25T04:04:46.003369,-0.678223609757168,0.5070837855750112,0.7838556924820623,terbinafine,coordinates_highestspeed_20240924_09_5_with_time_speed.csv,2.0,-0.1661491638111004,20240924_piworm09_5,2.0
2640.0,2024-09-25T04:04:48.002928,-0.4249627812325896,0.5075211392968402,0.7838006230529596,terbinafine,coordinates_highestspeed_20240924_09_5_with_time_speed.csv,2.0,-0.967868343321191,20240924_piworm09_5,2.0
2641.0,2024-09-25T04:04:50.002944,-0.599954960698026,0.507314917542639,0.7838056375636999,terbinafine,coordinates_highestspeed_20240924_09_5_with_time_speed.csv,2.0,0.042961820544705966,20240924_piworm09_5,2.0
2642.0,2024-09-25T04:04:52.003546,-0.6268177466637995,0.5071456778051486,0.7837868331484232,terbinafine,coordinates_highestspeed_20240924_09_5_with_time_speed.csv,2.0,0.4831708320485891,20240924_piworm09_5,2.0
2643.0,2024-09-25T04:04:54.002869,-0.7184452837940949,0.5071484201157098,0.7837394303515799,terbinafine,coordinates_highestspeed_20240924_09_5_with_time_speed.csv,2.0,0.5840222628230698,20240924_piworm09_5,2.0
2644.0,2024-09-25T04:04:56.002999,-0.7101205307124582,0.5072040498442367,0.7837579735944221,terbinafine,coordinates_highestspeed_20240924_09_5_with_time_speed.csv,2.0,-0.10241638234904565,20240924_piworm09_5,2.0
2645.0,2024-09-25T04:04:58.003356,-0.7538743804726019,0.5072040498442367,0.7837579735944221,terbinafine,coordinates_highestspeed_20240924_09_5_with_time_speed.csv,2.0,0.06617513314704665,20240924_piworm09_5,2.0
2646.0,2024-09-25T04:05:00.002928,-0.47328316149847527,0.507572000762922,0.7838355903108908,terbinafine,coordinates_highestspeed_20240924_09_5_with_time_speed.csv,2.0,-0.052824380796923164,20240924_piworm09_5,2.0
2647.0,2024-09-25T04:05:02.002954,0.5014867759095321,0.5092529553753791,0.7839061353327617,terbinafine,coordinates_highestspeed_20240924_09_5_with_time_speed.csv,2.0,0.01633408313779492,20240924_piworm09_5,2.0
2648.0,2024-09-25T04:05:04.003609,0.4288155478462339,0.5108311081441923,0.784053738317757,terbinafine,coordinates_highestspeed_20240924_09_5_with_time_speed.csv,2.0,-0.01005004141953175,20240924_piworm09_5,2.0
2649.0,2024-09-25T04:05:06.002883,-0.2636473772136142,0.5114868605294864,0.7840942394737699,terbinafine,coordinates_highestspeed_20240924_09_5_with_time_speed.csv,2.0,-0.01902065781313976,20240924_piworm09_5,2.0
2650.0,2024-09-25T04:05:08.003044,-0.32026172933613944,0.5120679868567272,0.7840953606805082,terbinafine,coordinates_highestspeed_20240924_09_5_with_time_speed.csv,2.0,-0.0006141362552470422,20240924_piworm09_5,2.0
2651.0,2024-09-25T04:05:10.003380,-0.7538743804726019,0.5120679868567272,0.7840953606805082,terbinafine,coordinates_highestspeed_20240924_09_5_with_time_speed.csv,2.0,-0.11796051275278388,20240924_piworm09_5,2.0
2652.0,2024-09-25T04:05:12.002932,-0.7000479981137564,0.5121352279229449,0.7840692351707037,terbinafine,coordinates_highestspeed_20240924_09_5_with_time_speed.csv,2.0,0.2567855189855608,20240924_piworm09_5,2.0
2653.0,2024-09-25T04:05:14.002944,-0.0020459249883434468,0.5130485091232755,0.7844948820649755,terbinafine,coordinates_highestspeed_20240924_09_5_with_time_speed.csv,2.0,0.08493046590683775,20240924_piworm09_5,2.0
2654.0,2024-09-25T04:05:16.003518,-0.6167122193505784,0.5131887561794104,0.7846137191931584,terbinafine,coordinates_highestspeed_20240924_09_5_with_time_speed.csv,2.0,0.8905481024804388,20240924_piworm09_5,2.0
2655.0,2024-09-25T04:05:18.002971,-0.28520444325413485,0.5126007089912987,0.7843929837484462,terbinafine,coordinates_highestspeed_20240924_09_5_with_time_speed.csv,2.0,0.8856964253799469,20240924_piworm09_5,2.0
2656.0,2024-09-25T04:05:20.003001,-0.7538743804726019,0.5126007089912987,0.7843929837484462,terbinafine,coordinates_highestspeed_20240924_09_5_with_time_speed.csv,2.0,0.0,20240924_piworm09_5,2.0
2657.0,2024-09-25T04:05:22.003387,-0.7538743804726019,0.5126007089912987,0.7843929837484462,terbinafine,coordinates_highestspeed_20240924_09_5_with_time_speed.csv,2.0,0.0,20240924_piworm09_5,2.0
2658.0,2024-09-25T04:05:24.002939,-0.7538743804726019,0.5126007089912987,0.7843929837484462,terbinafine,coordinates_highestspeed_20240924_09_5_with_time_speed.csv,2.0,0.1967154841461942,20240924_piworm09_5,2.0
2659.0,2024-09-25T04:05:26.003001,-0.7119609763735182,0.5126464916184542,0.7844255303367452,terbinafine,coordinates_highestspeed_20240924_09_5_with_time_speed.csv,2.0,0.6975456040066048,20240924_piworm09_5,2.0
2660.0,2024-09-25T04:05:28.003541,-0.6122579223241684,0.5124670732147367,0.7844874246743405,terbinafine,coordinates_highestspeed_20240924_09_5_with_time_speed.csv,2.0,0.0337019727940216,20240924_piworm09_5,2.0
2661.0,2024-09-25T04:05:30.002918,-0.1133490520001012,0.5116305308486433,0.7846800428740669,terbinafine,coordinates_highestspeed_20240924_09_5_with_time_speed.csv,2.0,0.608089197383357,20240924_piworm09_5,2.0
2662.0,2024-09-25T04:05:32.002990,-0.6436177574430032,0.5116472312733995,0.7845332237855602,terbinafine,coordinates_highestspeed_20240924_09_5_with_time_speed.csv,2.0,-0.310706638431195,20240924_piworm09_5,2.0
2663.0,2024-09-25T04:05:34.003364,-0.7154112302673746,0.511608070019285,0.7844997033081146,terbinafine,coordinates_highestspeed_20240924_09_5_with_time_speed.csv,2.0,0.23067661115164195,20240924_piworm09_5,2.0
2664.0,2024-09-25T04:05:36.002934,-0.6942881121262385,0.511597071958013,0.7844206067860596,terbinafine,coordinates_highestspeed_20240924_09_5_with_time_speed.csv,2.0,0.45286056323673873,20240924_piworm09_5,2.0
2665.0,2024-09-25T04:05:38.002943,-0.46262767741546346,0.5119715175789942,0.7843103936561882,terbinafine,coordinates_highestspeed_20240924_09_5_with_time_speed.csv,2.0,-0.9237375273645101,20240924_piworm09_5,2.0
2666.0,2024-09-25T04:05:40.003577,0.07927905677900765,0.5108561415220294,0.7843624833110814,terbinafine,coordinates_highestspeed_20240924_09_5_with_time_speed.csv,2.0,-0.03250608512278858,20240924_piworm09_5,2.0
2667.0,2024-09-25T04:05:42.002879,-0.32076949958840734,0.5102821077453921,0.7844485287742965,terbinafine,coordinates_highestspeed_20240924_09_5_with_time_speed.csv,2.0,0.45652392437269484,20240924_piworm09_5,2.0
2668.0,2024-09-25T04:05:44.002997,-0.5769983844312546,0.5102153748858127,0.7842210666854051,terbinafine,coordinates_highestspeed_20240924_09_5_with_time_speed.csv,2.0,0.6092158579043035,20240924_piworm09_5,2.0
2669.0,2024-09-25T04:05:46.003369,-0.5031284975834633,0.5105508643559378,0.7842404591403257,terbinafine,coordinates_highestspeed_20240924_09_5_with_time_speed.csv,2.0,0.7376187514335654,20240924_piworm09_5,2.0
2670.0,2024-09-25T04:05:48.002931,-0.5687588478804716,0.5103721628838451,0.7844125500667557,terbinafine,coordinates_highestspeed_20240924_09_5_with_time_speed.csv,2.0,-0.7920728561358364,20240924_piworm09_5,2.0
2671.0,2024-09-25T04:05:50.002940,0.016903116040477194,0.5113985313751669,0.7842957276368492,terbinafine,coordinates_highestspeed_20240924_09_5_with_time_speed.csv,2.0,0.033873862535027166,20240924_piworm09_5,2.0
2672.0,2024-09-25T04:05:52.003351,-0.6399070510418414,0.5115512666677934,0.7842946713761809,terbinafine,coordinates_highestspeed_20240924_09_5_with_time_speed.csv,2.0,-0.008382542117021516,20240924_piworm09_5,2.0
2673.0,2024-09-25T04:05:54.002974,0.4855420386210774,0.5132114136678362,0.7842394510510138,terbinafine,coordinates_highestspeed_20240924_09_5_with_time_speed.csv,2.0,0.10104161138182981,20240924_piworm09_5,2.0
2674.0,2024-09-25T04:05:56.003007,-0.4865370619659969,0.5135553286735255,0.7843399041859734,terbinafine,coordinates_highestspeed_20240924_09_5_with_time_speed.csv,2.0,0.8582847409377721,20240924_piworm09_5,2.0
2675.0,2024-09-25T04:05:58.003650,-0.36402208143412523,0.5130396083667111,0.784423676012461,terbinafine,coordinates_highestspeed_20240924_09_5_with_time_speed.csv,2.0,0.06002256100692627,20240924_piworm09_5,2.0
2676.0,2024-09-25T04:06:00.002942,0.13105980373759799,0.5118540697261043,0.7843910223493257,terbinafine,coordinates_highestspeed_20240924_09_5_with_time_speed.csv,2.0,0.003904608684754161,20240924_piworm09_5,2.0
2677.0,2024-09-25T04:06:02.003021,0.5604593812575386,0.5100939955735164,0.7843209290239335,terbinafine,coordinates_highestspeed_20240924_09_5_with_time_speed.csv,2.0,0.9882495170816962,20240924_piworm09_5,2.0
2678.0,2024-09-25T04:06:04.003538,-0.17133243685081298,0.5108747146733279,0.7843231835996383,terbinafine,coordinates_highestspeed_20240924_09_5_with_time_speed.csv,2.0,-0.04406463712446525,20240924_piworm09_5,2.0
2679.0,2024-09-25T04:06:06.002890,-0.12984448993568037,0.5117033682040188,0.7842101705227222,terbinafine,coordinates_highestspeed_20240924_09_5_with_time_speed.csv,2.0,0.04888690168082714,20240924_piworm09_5,2.0
2680.0,2024-09-25T04:06:08.003003,-0.5362140364342393,0.5119950290114282,0.7842154318966169,terbinafine,coordinates_highestspeed_20240924_09_5_with_time_speed.csv,2.0,0.038817129491212785,20240924_piworm09_5,2.0
2681.0,2024-09-25T04:06:10.003378,-0.6814659473145587,0.5120911214953271,0.7842289719626169,terbinafine,coordinates_highestspeed_20240924_09_5_with_time_speed.csv,2.0,-0.054467622236972976,20240924_piworm09_5,2.0
2682.0,2024-09-25T04:06:12.002931,-0.676839992534998,0.5121943129141132,0.7842257585683603,terbinafine,coordinates_highestspeed_20240924_09_5_with_time_speed.csv,2.0,0.6878449669615664,20240924_piworm09_5,2.0
2683.0,2024-09-25T04:06:14.002945,-0.7124073876079269,0.5121648397438623,0.7842728733853206,terbinafine,coordinates_highestspeed_20240924_09_5_with_time_speed.csv,2.0,-0.6445525912275042,20240924_piworm09_5,2.0
2684.0,2024-09-25T04:06:16.003554,-0.5114225076792904,0.5124879882305919,0.7843068890155026,terbinafine,coordinates_highestspeed_20240924_09_5_with_time_speed.csv,2.0,-0.923177615724637,20240924_piworm09_5,2.0
2685.0,2024-09-25T04:06:18.002883,-0.6409909510788878,0.5123456790123457,0.7842555506106907,terbinafine,coordinates_highestspeed_20240924_09_5_with_time_speed.csv,2.0,-0.1332946501819993,20240924_piworm09_5,2.0
2686.0,2024-09-25T04:06:20.003001,-0.32359315259560306,0.5117705327533485,0.7842973426934838,terbinafine,coordinates_highestspeed_20240924_09_5_with_time_speed.csv,2.0,0.08497457837339664,20240924_piworm09_5,2.0
2687.0,2024-09-25T04:06:22.003375,-0.6373274852241497,0.511617279415059,0.7842671660648202,terbinafine,coordinates_highestspeed_20240924_09_5_with_time_speed.csv,2.0,0.9867113421505771,20240924_piworm09_5,2.0
2688.0,2024-09-25T04:06:24.002946,-0.6026758737970793,0.5118175585465305,0.7842979828961137,terbinafine,coordinates_highestspeed_20240924_09_5_with_time_speed.csv,2.0,-0.9868006647307104,20240924_piworm09_5,2.0
2689.0,2024-09-25T04:06:26.002947,1.070238870488791,0.509418808411215,0.7838263518024032,terbinafine,coordinates_highestspeed_20240924_09_5_with_time_speed.csv,2.0,-0.10908284331523294,20240924_piworm09_5,2.0
2690.0,2024-09-25T04:06:28.003577,-0.4281699093167471,0.508987107187693,0.7838909590897315,terbinafine,coordinates_highestspeed_20240924_09_5_with_time_speed.csv,2.0,-0.004568154146418499,20240924_piworm09_5,2.0
2691.0,2024-09-25T04:06:30.002905,-0.2933587539947172,0.5083780958590782,0.7839910578445679,terbinafine,coordinates_highestspeed_20240924_09_5_with_time_speed.csv,2.0,0.09976997910498366,20240924_piworm09_5,2.0
2692.0,2024-09-25T04:06:32.002998,-0.6216225230236411,0.5082028563336974,0.7839644778897116,terbinafine,coordinates_highestspeed_20240924_09_5_with_time_speed.csv,2.0,0.9693384193937037,20240924_piworm09_5,2.0
2693.0,2024-09-25T04:06:34.003370,-0.02546883860236815,0.5091776312436939,0.7840173666670064,terbinafine,coordinates_highestspeed_20240924_09_5_with_time_speed.csv,2.0,-0.00733784381440511,20240924_piworm09_5,2.0
2694.0,2024-09-25T04:06:36.002938,0.48065438079625444,0.5108313431993833,0.784068899377574,terbinafine,coordinates_highestspeed_20240924_09_5_with_time_speed.csv,2.0,0.0650454918189507,20240924_piworm09_5,2.0
2695.0,2024-09-25T04:06:38.002985,-0.6722931500142952,0.5109376604703707,0.7840944102626346,terbinafine,coordinates_highestspeed_20240924_09_5_with_time_speed.csv,2.0,0.9322316284918352,20240924_piworm09_5,2.0
2696.0,2024-09-25T04:06:40.003583,1.267019392314795,0.508229951370684,0.7840332121660999,terbinafine,coordinates_highestspeed_20240924_09_5_with_time_speed.csv,2.0,0.03856040683961837,20240924_piworm09_5,2.0
2697.0,2024-09-25T04:06:42.002944,-0.2647351482137036,0.5075811676550647,0.7839393092598916,terbinafine,coordinates_highestspeed_20240924_09_5_with_time_speed.csv,2.0,0.9525031671614786,20240924_piworm09_5,2.0
2698.0,2024-09-25T04:06:44.003008,-0.5378274074009125,0.5078707093328739,0.7839377234161677,terbinafine,coordinates_highestspeed_20240924_09_5_with_time_speed.csv,2.0,-0.4813947286007542,20240924_piworm09_5,2.0
2699.0,2024-09-25T04:06:46.003376,0.1576525590989067,0.5079353925534799,0.7827178092092716,terbinafine,coordinates_highestspeed_20240924_09_5_with_time_speed.csv,2.0,-0.6464225539722128,20240924_piworm09_5,2.0
2700.0,2024-09-25T04:06:48.002942,-0.409240953905263,0.5075112495673243,0.7829006576670128,terbinafine,coordinates_highestspeed_20240924_09_5_with_time_speed.csv,2.0,0.010763984794771126,20240924_piworm09_5,2.0
2701.0,2024-09-25T04:06:50.002944,-0.08422616833740856,0.5066755674232309,0.783227878717517,terbinafine,coordinates_highestspeed_20240924_09_5_with_time_speed.csv,2.0,0.0,20240924_piworm09_5,2.0
2701.0,2024-09-25T04:06:50.002944,-0.08422616833740856,0.5066755674232309,0.783227878717517,terbinafine,coordinates_highestspeed_20240924_09_5_with_time_speed.csv,2.0,0.0,20240924_piworm09_5,2.0
